20.800000 0.300000 0.300000
21.800000 1.240000 1.300000
22.800000 2.240000 2.300000
23.900000 3.260000 3.400000
24.900000 4.260000 4.400000
25.900000 5.260000 5.400000
26.900000 6.260000 6.400000
27.900000 7.260000 7.400000
28.900000 8.260000 8.400000
29.900000 9.045000 9.400000
30.900000 10.045000 10.400000
31.900000 11.045000 11.400000
32.900000 12.045000 12.400000
33.900000 12.725000 13.400000
34.900000 13.725000 14.400000
35.900000 14.725000 15.400000
36.900000 15.725000 16.400000
38.000000 16.825000 17.500000
39.000000 17.825000 18.500000
40.000000 18.825000 19.500000
41.000000 19.825000 20.500000
42.000000 20.825000 21.500000
43.000000 21.825000 22.500000
44.000000 22.825000 23.500000
45.000000 23.825000 24.500000
46.000000 24.825000 25.500000
47.000000 25.165000 26.500000
48.000000 25.492500 27.500000
49.000000 26.492500 28.500000
50.000000 27.492500 29.500000
51.000000 28.492500 30.500000
52.000000 29.492500 31.500000
53.000000 30.492500 32.500000
54.000000 31.492500 33.500000
55.100000 31.747500 34.600000
56.100000 32.747500 35.600000
57.100000 33.747500 36.600000
58.100000 34.747500 37.600000
59.100000 35.747500 38.600000
60.100000 36.747500 39.600000
61.100000 37.747500 40.600000
62.100000 38.747500 41.600000
63.100000 39.747500 42.600000
64.100000 40.747500 43.600000
65.100000 41.747500 44.600000
66.100000 42.747500 45.600000
67.200000 41.552500 46.700000
68.200000 42.552500 47.700000
69.200000 43.552500 48.700000
70.200000 43.327500 49.700000
71.200000 44.327500 50.700000
72.200000 45.327500 51.700000
73.200000 46.327500 52.700000
74.200000 47.327500 53.700000
75.200000 45.620000 54.700000
76.200000 46.620000 55.700000
77.200000 47.620000 56.700000
78.200000 48.620000 57.700000
79.200000 49.620000 58.700000
80.300000 50.720000 59.800000
81.300000 51.720000 60.800000
82.300000 52.720000 61.800000
83.300000 52.157500 62.800000
84.300000 53.157500 63.800000
85.300000 54.157500 64.800000
86.300000 55.157500 65.800000
87.300000 54.507500 66.800000
88.300000 55.507500 67.800000
89.300000 56.507500 68.800000
90.300000 57.507500 69.800000
91.300000 58.507500 70.800000
92.300000 59.507500 71.800000
93.400000 59.455000 72.900000
94.400000 58.630000 73.900000
95.400000 59.630000 74.900000
96.400000 60.630000 75.900000
97.400000 61.630000 76.900000
98.400000 62.047500 77.900000
99.400000 63.047500 78.900000
100.400000 64.047500 79.900000
101.400000 65.047500 80.900000
102.400000 66.047500 81.900000
103.400000 67.047500 82.900000
104.400000 65.417500 83.900000
105.400000 66.417500 84.900000
106.400000 67.417500 85.900000
107.500000 68.517500 87.000000
108.500000 69.517500 88.000000
109.500000 70.517500 89.000000
110.500000 71.517500 90.000000
111.500000 72.517500 91.000000
112.500000 73.517500 92.000000
113.500000 72.195000 93.000000
114.500000 73.195000 94.000000
115.500000 71.832500 95.000000
116.500000 72.832500 96.000000
117.500000 71.417500 97.000000
118.500000 72.417500 98.000000
119.500000 73.417500 99.000000
120.600000 74.517500 100.100000
121.600000 75.517500 101.100000
122.600000 76.517500 102.100000
123.600000 77.517500 103.100000
124.600000 78.517500 104.100000
125.600000 79.517500 105.100000
126.600000 77.885000 106.100000
127.600000 77.567500 107.100000
128.600000 78.567500 108.100000
129.600000 76.845000 109.100000
130.600000 77.845000 110.100000
131.600000 78.845000 111.100000
132.600000 79.845000 112.100000
133.600000 80.845000 113.100000
134.600000 81.845000 114.100000
135.700000 82.945000 115.200000
136.700000 83.945000 116.200000
137.700000 84.945000 117.200000
138.700000 85.945000 118.200000
139.700000 86.945000 119.200000
140.700000 87.945000 120.200000
141.700000 88.945000 121.200000
142.700000 88.707500 122.200000
143.700000 89.707500 123.200000
144.700000 87.625000 124.200000
145.700000 88.625000 125.200000
146.700000 89.625000 126.200000
147.700000 90.625000 127.200000
148.800000 91.725000 128.300000
149.800000 89.512500 129.300000
150.800000 90.512500 130.300000
151.800000 91.512500 131.300000
152.800000 92.512500 132.300000
153.800000 93.512500 133.300000
154.800000 94.512500 134.300000
155.800000 95.512500 135.300000
156.800000 96.512500 136.300000
157.800000 94.100000 137.300000
158.800000 95.100000 138.300000
159.800000 96.100000 139.300000
160.800000 97.100000 140.300000
161.800000 98.100000 141.300000
162.900000 95.665000 142.400000
163.900000 96.665000 143.400000
164.900000 97.665000 144.400000
165.900000 98.665000 145.400000
166.900000 96.685000 146.400000
167.900000 97.685000 147.400000
168.900000 91.335000 148.400000
169.900000 92.335000 149.400000
170.900000 93.335000 150.400000
171.900000 94.335000 151.400000
172.900000 95.335000 152.400000
173.900000 96.335000 153.400000
174.900000 97.335000 154.400000
175.900000 98.335000 155.400000
176.900000 99.335000 156.400000
178.000000 100.435000 157.500000
179.000000 101.435000 158.500000
180.000000 102.435000 159.500000
181.000000 103.435000 160.500000
182.000000 103.497500 161.500000
183.000000 104.497500 162.500000
184.000000 101.422500 163.500000
185.000000 98.532500 164.500000
186.000000 99.532500 165.500000
187.000000 100.532500 166.500000
188.000000 101.532500 167.500000
189.000000 102.532500 168.500000
190.100000 103.632500 169.600000
191.100000 104.632500 170.600000
192.100000 105.632500 171.600000
193.100000 106.632500 172.600000
194.100000 107.632500 173.600000
195.100000 107.330000 174.600000
196.100000 108.330000 175.600000
197.100000 109.330000 176.600000
198.100000 110.330000 177.600000
199.100000 111.330000 178.600000
200.100000 111.532500 179.600000
201.100000 112.532500 180.600000
202.100000 113.532500 181.600000
203.100000 109.067500 182.600000
204.200000 110.167500 183.700000
205.200000 111.167500 184.700000
206.200000 112.167500 185.700000
207.200000 113.167500 186.700000
208.200000 114.167500 187.700000
209.200000 115.167500 188.700000
210.200000 116.167500 189.700000
211.200000 117.167500 190.700000
212.200000 118.167500 191.700000
213.200000 114.357500 192.700000
214.200000 115.357500 193.700000
215.200000 116.357500 194.700000
216.200000 112.472500 195.700000
217.200000 109.787500 196.700000
218.300000 110.887500 197.800000
219.300000 111.887500 198.800000
220.300000 112.887500 199.800000
221.300000 113.887500 200.800000
222.300000 110.995000 201.800000
223.300000 111.492500 202.800000
224.300000 112.492500 203.800000
225.300000 113.492500 204.800000
226.300000 114.492500 205.800000
227.300000 115.492500 206.800000
228.300000 116.492500 207.800000
229.300000 117.492500 208.800000
230.300000 118.492500 209.800000
231.300000 116.177500 210.800000
232.300000 117.177500 211.800000
233.300000 117.342500 212.800000
234.300000 118.342500 213.800000
235.300000 119.342500 214.800000
236.400000 120.442500 215.900000
237.400000 121.442500 216.900000
238.400000 122.442500 217.900000
239.400000 123.442500 218.900000
240.400000 124.442500 219.900000
241.400000 124.287500 220.900000
242.400000 121.395000 221.900000
243.400000 122.395000 222.900000
244.400000 121.212500 223.900000
245.400000 119.325000 224.900000
246.400000 120.325000 225.900000
247.400000 121.325000 226.900000
248.400000 122.325000 227.900000
249.500000 123.425000 229.000000
250.500000 124.425000 230.000000
251.500000 125.425000 231.000000
252.500000 126.425000 232.000000
253.500000 127.425000 233.000000
254.500000 127.847500 234.000000
255.500000 128.847500 235.000000
256.500000 129.847500 236.000000
257.500000 130.847500 237.000000
258.500000 131.847500 238.000000
259.500000 130.905000 239.000000
260.500000 131.905000 240.000000
261.600000 133.005000 241.100000
262.600000 130.325000 242.100000
263.600000 125.255000 243.100000
264.600000 126.255000 244.100000
265.600000 127.255000 245.100000
266.600000 128.255000 246.100000
267.600000 129.255000 247.100000
268.600000 130.255000 248.100000
269.600000 127.367500 249.100000
270.600000 128.367500 250.100000
271.600000 129.367500 251.100000
272.600000 126.165000 252.100000
273.600000 127.165000 253.100000
274.600000 128.165000 254.100000
275.700000 129.265000 255.200000
276.700000 130.265000 256.200000
277.700000 131.265000 257.200000
278.700000 129.367500 258.200000
279.700000 130.367500 259.200000
280.700000 131.367500 260.200000
281.700000 132.367500 261.200000
282.700000 128.522500 262.200000
283.700000 129.522500 263.200000
284.700000 129.980000 264.200000
285.700000 130.980000 265.200000
286.700000 131.980000 266.200000
287.700000 132.980000 267.200000
288.700000 133.980000 268.200000
289.700000 134.980000 269.200000
290.800000 136.080000 270.300000
291.800000 137.080000 271.300000
292.800000 138.080000 272.300000
293.800000 139.080000 273.300000
294.800000 140.080000 274.300000
295.800000 141.080000 275.300000
296.800000 142.080000 276.300000
297.800000 142.122500 277.300000
298.800000 143.122500 278.300000
299.800000 144.122500 279.300000
300.800000 138.442500 280.300000
301.800000 139.442500 281.300000
302.800000 134.237500 282.300000
303.800000 135.237500 283.300000
304.900000 136.337500 284.400000
305.800000 135.632500 285.300000
306.900000 136.732500 286.400000
307.900000 137.732500 287.400000
308.900000 138.732500 288.400000
309.900000 139.732500 289.400000
310.900000 133.572500 290.400000
311.900000 134.572500 291.400000
312.900000 135.572500 292.400000
313.900000 136.572500 293.400000
314.900000 137.572500 294.400000
315.900000 138.572500 295.400000
316.900000 139.572500 296.400000
317.900000 140.572500 297.400000
319.000000 139.277500 298.500000
320.000000 139.800000 299.500000
321.000000 140.800000 300.500000
322.000000 141.800000 301.500000
323.000000 142.800000 302.500000
324.000000 143.800000 303.500000
325.000000 144.800000 304.500000
326.000000 145.800000 305.500000
327.000000 146.800000 306.500000
328.000000 147.800000 307.500000
329.000000 145.897500 308.500000
330.000000 146.897500 309.500000
331.000000 134.797500 310.500000
332.100000 135.897500 311.600000
333.100000 136.897500 312.600000
334.100000 137.897500 313.600000
335.100000 138.897500 314.600000
336.100000 139.897500 315.600000
337.100000 132.987500 316.600000
338.100000 133.987500 317.600000
339.100000 134.480000 318.600000
340.100000 135.480000 319.600000
341.100000 136.480000 320.600000
342.100000 137.480000 321.600000
343.100000 138.480000 322.600000
344.100000 139.480000 323.600000
345.100000 140.480000 324.600000
346.100000 141.480000 325.600000
347.200000 134.420000 326.700000
348.200000 135.420000 327.700000
349.200000 136.420000 328.700000
350.200000 137.420000 329.700000
351.200000 138.420000 330.700000
352.200000 139.420000 331.700000
353.200000 140.420000 332.700000
354.200000 141.420000 333.700000
355.200000 142.420000 334.700000
356.200000 142.150000 335.700000
357.200000 143.150000 336.700000
358.200000 143.640000 337.700000
359.200000 144.640000 338.700000
360.300000 145.740000 339.800000
361.300000 143.837500 340.800000
362.300000 144.837500 341.800000
363.300000 145.837500 342.800000
364.300000 146.837500 343.800000
365.300000 147.837500 344.800000
366.300000 148.837500 345.800000
367.300000 149.837500 346.800000
368.300000 150.837500 347.800000
369.300000 151.837500 348.800000
370.300000 149.137500 349.800000
371.300000 150.137500 350.800000
372.300000 151.137500 351.800000
373.400000 152.237500 352.900000
374.400000 151.875000 353.900000
375.400000 152.875000 354.900000
376.400000 151.572500 355.900000
377.400000 152.572500 356.900000
378.400000 153.572500 357.900000
379.400000 154.572500 358.900000
380.400000 155.572500 359.900000
381.400000 156.572500 360.900000
382.400000 152.240000 361.900000
383.400000 153.240000 362.900000
384.400000 154.240000 363.900000
385.400000 155.240000 364.900000
386.400000 153.395000 365.900000
387.500000 154.495000 367.000000
388.500000 155.495000 368.000000
389.500000 151.830000 369.000000
390.500000 152.830000 370.000000
391.500000 153.830000 371.000000
392.500000 152.097500 372.000000
393.500000 153.097500 373.000000
394.500000 154.097500 374.000000
395.500000 155.097500 375.000000
396.500000 156.097500 376.000000
397.500000 157.097500 377.000000
398.500000 158.097500 378.000000
399.500000 159.097500 379.000000
400.500000 160.097500 380.000000
401.500000 161.097500 381.000000
402.600000 162.197500 382.100000
403.600000 158.952500 383.100000
404.600000 159.952500 384.100000
405.600000 160.952500 385.100000
406.600000 161.952500 386.100000
407.600000 156.492500 387.100000
408.600000 156.195000 388.100000
409.600000 157.195000 389.100000
410.600000 158.195000 390.100000
411.600000 159.195000 391.100000
412.600000 160.195000 392.100000
413.600000 157.582500 393.100000
414.600000 158.582500 394.100000
415.600000 159.582500 395.100000
416.600000 160.582500 396.100000
417.600000 161.582500 397.100000
418.600000 162.582500 398.100000
419.700000 157.795000 399.200000
420.700000 158.795000 400.200000
421.700000 159.795000 401.200000
422.700000 160.795000 402.200000
423.700000 161.795000 403.200000
424.700000 162.795000 404.200000
425.700000 163.795000 405.200000
426.700000 164.795000 406.200000
427.700000 155.617500 407.200000
428.700000 152.252500 408.200000
429.700000 153.252500 409.200000
430.700000 148.925000 410.200000
431.700000 149.925000 411.200000
432.700000 150.925000 412.200000
433.800000 152.025000 413.300000
434.800000 153.025000 414.300000
435.800000 153.217500 415.300000
436.800000 152.562500 416.300000
437.800000 153.562500 417.300000
438.800000 154.562500 418.300000
439.800000 155.562500 419.300000
440.800000 156.562500 420.300000
441.800000 157.562500 421.300000
442.800000 158.562500 422.300000
443.800000 159.562500 423.300000
444.800000 160.562500 424.300000
445.800000 161.562500 425.300000
446.800000 162.562500 426.300000
447.900000 162.662500 427.400000
448.900000 163.662500 428.400000
449.900000 164.662500 429.400000
450.900000 165.662500 430.400000
451.900000 160.770000 431.400000
452.900000 161.770000 432.400000
453.900000 161.620000 433.400000
454.900000 162.620000 434.400000
455.900000 161.977500 435.400000
456.900000 162.977500 436.400000
457.900000 163.977500 437.400000
458.900000 164.977500 438.400000
459.900000 165.977500 439.400000
461.000000 167.077500 440.500000
462.000000 168.077500 441.500000
463.000000 169.077500 442.500000
464.000000 170.077500 443.500000
465.000000 171.077500 444.500000
466.000000 172.077500 445.500000
467.000000 173.077500 446.500000
468.000000 174.077500 447.500000
469.000000 174.250000 448.500000
470.000000 166.647500 449.500000
471.000000 167.647500 450.500000
472.000000 168.647500 451.500000
473.000000 169.647500 452.500000
474.100000 163.525000 453.600000
475.100000 164.525000 454.600000
476.100000 165.525000 455.600000
477.100000 166.525000 456.600000
478.100000 163.845000 457.600000
479.100000 164.845000 458.600000
480.100000 163.662500 459.600000
481.100000 164.662500 460.600000
482.100000 165.662500 461.600000
483.100000 166.662500 462.600000
484.100000 167.662500 463.600000
485.100000 168.662500 464.600000
486.100000 169.662500 465.600000
487.100000 170.662500 466.600000
488.100000 171.662500 467.600000
489.200000 172.762500 468.700000
490.200000 173.762500 469.700000
491.200000 174.762500 470.700000
492.200000 174.842500 471.700000
493.200000 175.842500 472.700000
494.200000 176.842500 473.700000
495.200000 177.842500 474.700000
496.200000 178.842500 475.700000
497.200000 179.842500 476.700000
498.200000 180.842500 477.700000
499.200000 175.967500 478.700000
500.200000 176.967500 479.700000
501.200000 177.967500 480.700000
502.200000 178.967500 481.700000
503.200000 179.967500 482.700000
504.200000 179.717500 483.700000
505.300000 180.817500 484.800000
506.300000 169.692500 485.800000
507.300000 170.692500 486.800000
508.300000 171.692500 487.800000
509.300000 172.692500 488.800000
510.300000 173.692500 489.800000
511.300000 174.692500 490.800000
512.300000 173.820000 491.800000
513.300000 174.820000 492.800000
514.300000 175.820000 493.800000
515.300000 176.820000 494.800000
516.300000 177.820000 495.800000
517.300000 178.820000 496.800000
518.300000 178.857500 497.800000
519.300000 179.857500 498.800000
520.300000 180.857500 499.800000
521.400000 181.957500 500.900000
522.400000 182.957500 501.900000
523.400000 183.957500 502.900000
524.400000 184.957500 503.900000
525.400000 169.622500 504.900000
526.400000 170.622500 505.900000
527.400000 171.622500 506.900000
528.400000 172.622500 507.900000
529.400000 173.622500 508.900000
530.400000 174.622500 509.900000
531.400000 175.622500 510.900000
532.400000 176.622500 511.900000
533.500000 177.722500 513.000000
534.500000 178.722500 514.000000
535.500000 179.722500 515.000000
536.500000 180.722500 516.000000
537.500000 181.722500 517.000000
538.500000 182.722500 518.000000
539.500000 183.722500 519.000000
540.500000 180.250000 520.000000
541.500000 181.250000 521.000000
542.500000 182.250000 522.000000
543.500000 183.250000 523.000000
544.500000 184.250000 524.000000
545.500000 184.265000 525.000000
546.500000 185.265000 526.000000
547.600000 179.742500 527.100000
548.600000 180.742500 528.100000
549.600000 181.742500 529.100000
550.600000 182.742500 530.100000
551.600000 178.225000 531.100000
552.600000 179.225000 532.100000
553.600000 180.225000 533.100000
554.600000 181.225000 534.100000
555.600000 182.225000 535.100000
556.600000 183.225000 536.100000
557.600000 184.225000 537.100000
558.600000 185.225000 538.100000
559.600000 186.225000 539.100000
560.600000 187.225000 540.100000
561.600000 188.225000 541.100000
562.700000 183.752500 542.200000
563.700000 184.752500 543.200000
564.700000 172.170000 544.200000
565.700000 173.170000 545.200000
566.700000 174.170000 546.200000
567.700000 175.170000 547.200000
568.700000 176.170000 548.200000
569.700000 177.170000 549.200000
570.700000 178.170000 550.200000
571.700000 179.170000 551.200000
572.700000 174.095000 552.200000
573.700000 175.095000 553.200000
574.700000 176.095000 554.200000
575.700000 177.095000 555.200000
576.800000 178.195000 556.300000
577.800000 174.417500 557.300000
578.800000 169.902500 558.300000
579.800000 170.902500 559.300000
580.800000 171.902500 560.300000
581.800000 172.405000 561.300000
582.800000 173.405000 562.300000
583.800000 173.447500 563.300000
584.800000 174.447500 564.300000
585.800000 175.447500 565.300000
586.800000 176.447500 566.300000
587.800000 177.447500 567.300000
588.800000 172.410000 568.300000
589.800000 173.410000 569.300000
590.900000 174.510000 570.400000
591.900000 175.510000 571.400000
592.900000 176.510000 572.400000
593.900000 177.510000 573.400000
594.900000 178.510000 574.400000
595.900000 179.510000 575.400000
596.900000 180.510000 576.400000
597.900000 181.510000 577.400000
598.900000 182.000000 578.400000
599.900000 183.000000 579.400000
600.900000 184.000000 580.400000
601.900000 185.000000 581.400000
602.900000 186.000000 582.400000
603.900000 179.350000 583.400000
604.900000 180.350000 584.400000
606.000000 176.655000 585.500000
607.000000 177.655000 586.500000
608.000000 178.655000 587.500000
609.000000 179.655000 588.500000
610.000000 180.655000 589.500000
611.000000 181.655000 590.500000
612.000000 182.655000 591.500000
613.000000 183.655000 592.500000
614.000000 184.655000 593.500000
615.000000 185.655000 594.500000
616.000000 180.615000 595.500000
617.000000 181.615000 596.500000
618.000000 182.615000 597.500000
619.000000 179.905000 598.500000
620.100000 181.005000 599.600000
621.100000 177.207500 600.600000
622.100000 169.602500 601.600000
623.100000 170.602500 602.600000
624.100000 171.602500 603.600000
625.100000 172.602500 604.600000
626.100000 165.712500 605.600000
627.100000 166.712500 606.600000
628.100000 167.712500 607.600000
629.100000 165.782500 608.600000
630.100000 166.782500 609.600000
631.100000 167.782500 610.600000
632.100000 168.782500 611.600000
633.100000 169.782500 612.600000
634.100000 170.782500 613.600000
635.100000 171.782500 614.600000
636.200000 172.375000 615.700000
637.200000 173.375000 616.700000
638.200000 174.375000 617.700000
639.200000 162.002500 618.700000
640.200000 163.002500 619.700000
641.200000 164.002500 620.700000
642.200000 164.052500 621.700000
643.200000 165.052500 622.700000
644.200000 166.052500 623.700000
645.200000 167.052500 624.700000
646.200000 168.052500 625.700000
647.200000 169.052500 626.700000
648.200000 166.162500 627.700000
649.200000 167.162500 628.700000
650.300000 168.262500 629.800000
651.300000 169.262500 630.800000
652.300000 170.262500 631.800000
653.300000 171.262500 632.800000
654.300000 172.262500 633.800000
655.300000 173.262500 634.800000
656.300000 156.632500 635.800000
657.300000 148.770000 636.800000
658.300000 149.770000 637.800000
659.300000 150.770000 638.800000
660.300000 151.770000 639.800000
661.300000 152.770000 640.800000
662.300000 153.770000 641.800000
663.300000 154.770000 642.800000
664.300000 155.770000 643.800000
665.400000 151.427500 644.900000
666.400000 152.427500 645.900000
667.400000 153.427500 646.900000
668.400000 154.427500 647.900000
669.400000 155.427500 648.900000
670.400000 152.795000 649.900000
671.400000 153.795000 650.900000
672.400000 154.795000 651.900000
673.400000 155.795000 652.900000
674.400000 156.795000 653.900000
675.400000 157.795000 654.900000
676.400000 158.795000 655.900000
677.400000 159.795000 656.900000
678.400000 157.537500 657.900000
679.500000 158.637500 659.000000
680.500000 159.637500 660.000000
681.500000 160.637500 661.000000
682.500000 161.637500 662.000000
683.500000 162.637500 663.000000
684.500000 163.637500 664.000000
685.500000 164.637500 665.000000
686.500000 165.637500 666.000000
687.500000 166.637500 667.000000
688.500000 165.882500 668.000000
689.500000 150.177500 667.800000
690.500000 151.177500 668.800000
691.500000 147.492500 669.800000
692.600000 148.592500 670.900000
693.600000 149.592500 671.900000
694.600000 150.592500 672.900000
695.600000 151.592500 673.900000
696.600000 152.592500 674.900000
697.600000 153.592500 675.900000
698.600000 154.592500 676.900000
699.600000 155.592500 677.900000
700.600000 156.592500 678.900000
701.600000 157.592500 679.900000
702.600000 158.592500 680.900000
703.600000 159.592500 681.900000
704.600000 160.592500 682.900000
705.600000 161.592500 683.900000
706.600000 162.592500 684.900000
707.700000 158.947500 686.000000
708.700000 159.947500 687.000000
709.700000 159.187500 688.000000
710.700000 160.187500 689.000000
711.700000 161.187500 690.000000
712.700000 162.187500 691.000000
713.700000 163.187500 692.000000
714.700000 164.187500 693.000000
715.700000 165.187500 694.000000
716.700000 166.187500 695.000000
717.700000 158.795000 696.000000
718.700000 153.542500 697.000000
719.700000 154.542500 698.000000
720.700000 155.542500 699.000000
721.700000 156.542500 700.000000
722.800000 155.990000 701.100000
723.800000 156.990000 702.100000
724.800000 157.990000 703.100000
725.800000 158.990000 704.100000
726.800000 159.990000 705.100000
727.800000 160.990000 706.100000
728.800000 161.990000 707.100000
729.800000 162.795000 708.100000
730.800000 163.795000 709.100000
731.800000 164.795000 710.100000
732.800000 165.795000 711.100000
733.800000 166.795000 712.100000
734.800000 160.717500 713.100000
735.800000 161.717500 714.100000
736.900000 162.817500 715.200000
737.900000 163.817500 716.200000
738.900000 164.817500 717.200000
739.900000 165.817500 718.200000
740.900000 166.817500 719.200000
741.900000 167.817500 720.200000
742.900000 168.817500 721.200000
743.900000 168.510000 722.200000
744.900000 169.510000 723.200000
745.900000 170.510000 724.200000
746.900000 171.510000 725.200000
747.900000 172.510000 726.200000
748.900000 173.510000 727.200000
749.900000 174.510000 728.200000
750.900000 175.510000 729.200000
752.000000 175.787500 730.300000
753.000000 176.787500 731.300000
754.000000 177.787500 732.300000
755.000000 178.787500 733.300000
756.000000 179.787500 734.300000
757.000000 180.787500 735.300000
758.000000 181.787500 736.300000
759.000000 182.787500 737.300000
760.000000 183.787500 738.300000
761.000000 184.787500 739.300000
762.000000 185.787500 740.300000
763.000000 186.787500 741.300000
764.100000 186.027500 742.400000
765.100000 168.447500 671.600000
766.100000 161.050000 672.600000
767.100000 153.352500 673.600000
768.100000 154.352500 674.600000
769.100000 155.352500 675.600000
770.100000 156.352500 676.600000
771.100000 157.352500 677.600000
772.100000 158.352500 678.600000
773.100000 159.352500 679.600000
774.100000 160.352500 680.600000
775.100000 161.352500 681.600000
776.100000 162.352500 682.600000
777.100000 163.352500 683.600000
778.100000 164.352500 684.600000
779.100000 165.352500 685.600000
780.200000 166.452500 686.700000
781.200000 167.452500 687.700000
782.200000 168.452500 688.700000
783.200000 169.452500 689.700000
784.200000 169.655000 690.700000
785.200000 170.655000 691.700000
786.200000 171.655000 692.700000
787.200000 172.655000 693.700000
788.200000 173.655000 694.700000
789.200000 174.655000 695.700000
790.200000 174.492500 696.700000
791.200000 175.492500 697.700000
792.200000 176.492500 698.700000
793.300000 177.592500 699.800000
794.300000 176.447500 700.800000
795.300000 177.447500 701.800000
796.300000 176.782500 702.800000
797.300000 177.782500 703.800000
798.300000 178.782500 704.800000
799.300000 179.782500 705.800000
800.300000 180.782500 706.800000
801.300000 181.782500 707.800000
802.300000 182.782500 708.800000
803.300000 183.782500 709.800000
804.300000 184.782500 710.800000
805.300000 185.782500 711.800000
806.300000 186.782500 712.800000
807.400000 187.882500 713.900000
808.400000 188.580000 714.900000
809.400000 189.580000 715.900000
810.400000 190.580000 716.900000
811.400000 191.580000 717.900000
812.400000 184.732500 718.900000
813.400000 183.147500 719.900000
814.400000 175.747500 720.900000
815.400000 176.747500 721.900000
816.400000 177.747500 722.900000
817.400000 178.747500 723.900000
818.400000 179.747500 724.900000
819.400000 180.747500 725.900000
820.400000 181.747500 726.900000
821.400000 182.747500 727.900000
822.500000 183.847500 729.000000
823.500000 184.847500 730.000000
824.500000 167.590000 582.300000
825.500000 168.590000 583.300000
826.500000 169.590000 584.300000
827.500000 170.590000 585.300000
828.500000 171.590000 586.300000
829.500000 172.590000 587.300000
830.500000 173.590000 588.300000
831.500000 174.590000 589.300000
832.500000 174.635000 590.300000
833.500000 175.635000 591.300000
834.500000 176.097500 592.300000
835.500000 177.097500 593.300000
836.600000 178.197500 594.400000
837.600000 179.197500 595.400000
838.600000 180.197500 596.400000
839.600000 179.967500 597.400000
840.600000 180.967500 598.400000
841.600000 180.007500 599.400000
842.600000 181.007500 600.400000
843.600000 182.007500 601.400000
844.600000 183.007500 602.400000
845.600000 184.007500 603.400000
846.600000 185.007500 604.400000
847.600000 186.007500 605.400000
848.600000 187.007500 606.400000
849.600000 182.675000 607.400000
850.700000 183.775000 608.500000
851.700000 184.775000 609.500000
852.700000 185.775000 610.500000
853.700000 186.775000 611.500000
854.700000 187.775000 612.500000
855.700000 188.775000 613.500000
856.700000 185.585000 614.500000
857.700000 186.585000 615.500000
858.700000 187.585000 616.500000
859.700000 188.585000 617.500000
860.700000 184.835000 618.500000
861.700000 185.835000 619.500000
862.700000 186.835000 620.500000
863.700000 187.835000 621.500000
864.700000 188.835000 622.500000
865.800000 189.935000 623.600000
866.800000 190.935000 624.600000
867.800000 185.220000 625.600000
868.800000 186.220000 626.600000
869.800000 187.220000 627.600000
870.800000 180.902500 628.600000
871.800000 181.902500 629.600000
872.800000 182.902500 630.600000
873.800000 183.902500 631.600000
874.800000 184.902500 632.600000
875.800000 184.237500 633.600000
876.800000 185.237500 634.600000
877.800000 186.237500 635.600000
878.900000 187.337500 636.700000
879.900000 188.337500 637.700000
880.900000 189.337500 638.700000
881.900000 190.337500 639.700000
882.900000 191.337500 640.700000
883.900000 192.337500 641.700000
884.900000 193.337500 642.700000
885.900000 194.337500 643.700000
886.900000 195.337500 644.700000
887.900000 196.337500 645.700000
888.900000 197.337500 646.700000
889.900000 198.337500 647.700000
890.900000 199.337500 648.700000
891.900000 192.627500 649.700000
892.900000 185.107500 650.700000
893.900000 186.107500 651.700000
895.000000 187.207500 652.800000
896.000000 188.207500 653.800000
897.000000 181.912500 654.800000
898.000000 182.912500 655.800000
899.000000 183.912500 656.800000
900.000000 184.912500 657.800000
901.000000 185.912500 658.800000
902.000000 186.912500 659.800000
903.000000 187.912500 660.800000
904.000000 188.912500 661.800000
905.000000 189.912500 662.800000
906.000000 190.912500 663.800000
907.000000 191.912500 664.800000
908.000000 192.912500 665.800000
909.000000 193.912500 666.800000
910.100000 195.012500 667.900000
911.100000 187.340000 668.900000
912.100000 181.050000 669.900000
913.100000 182.050000 670.900000
914.100000 183.050000 671.900000
915.100000 184.050000 672.900000
916.100000 185.050000 673.900000
917.100000 186.050000 674.900000
918.100000 187.050000 675.900000
919.100000 184.215000 676.900000
920.100000 185.215000 677.900000
921.100000 186.215000 678.900000
922.100000 187.215000 679.900000
923.100000 171.205000 495.500000
924.200000 172.305000 496.600000
925.200000 173.305000 497.600000
926.200000 174.305000 498.600000
927.200000 175.305000 499.600000
928.200000 176.305000 500.600000
929.200000 177.305000 501.600000
930.200000 177.345000 502.600000
931.200000 178.345000 503.600000
932.200000 179.345000 504.600000
933.200000 172.737500 505.600000
934.200000 173.197500 506.600000
935.200000 174.197500 507.600000
936.200000 175.197500 508.600000
937.300000 176.297500 509.700000
938.300000 177.297500 510.700000
939.300000 178.297500 511.700000
940.300000 179.297500 512.700000
941.300000 180.297500 513.700000
942.300000 181.297500 514.700000
943.300000 182.297500 515.700000
944.300000 183.297500 516.700000
945.300000 184.297500 517.700000
946.300000 185.297500 518.700000
947.300000 186.297500 519.700000
948.300000 186.022500 520.700000
949.300000 187.022500 521.700000
950.300000 177.402500 522.700000
951.300000 178.402500 523.700000
952.400000 171.892500 524.800000
953.400000 172.892500 525.800000
954.400000 173.892500 526.800000
955.400000 174.892500 527.800000
956.400000 175.892500 528.800000
957.400000 176.892500 529.800000
958.400000 177.892500 530.800000
959.400000 178.892500 531.800000
960.400000 179.892500 532.800000
961.400000 180.892500 533.800000
962.400000 172.615000 534.800000
963.400000 173.615000 535.800000
964.500000 174.715000 536.900000
965.500000 175.715000 537.900000
966.500000 176.715000 538.900000
967.500000 177.715000 539.900000
968.500000 178.715000 540.900000
969.500000 172.105000 541.900000
970.500000 172.112500 542.900000
971.500000 173.112500 543.900000
972.500000 174.112500 544.900000
973.500000 175.112500 545.900000
974.500000 176.112500 546.900000
975.500000 177.112500 547.900000
976.500000 178.112500 548.900000
977.500000 179.112500 549.900000
978.500000 180.112500 550.900000
979.600000 177.600000 552.000000
980.600000 178.600000 553.000000
981.600000 171.487500 554.000000
982.600000 172.487500 555.000000
983.600000 173.487500 556.000000
984.600000 174.487500 557.000000
985.600000 175.487500 558.000000
986.600000 176.487500 559.000000
987.600000 177.487500 560.000000
988.600000 178.487500 561.000000
989.600000 165.445000 516.000000
990.600000 162.295000 517.000000
991.600000 163.295000 518.000000
992.700000 164.395000 519.100000
993.700000 165.395000 520.100000
994.700000 166.395000 521.100000
995.700000 167.395000 522.100000
996.700000 168.395000 523.100000
997.700000 169.395000 524.100000
998.700000 170.395000 525.100000
999.700000 171.395000 526.100000
1000.700000 171.855000 527.100000
1001.700000 172.855000 528.100000
1002.700000 170.020000 529.100000
1003.700000 171.020000 530.100000
1004.700000 172.020000 531.100000
1005.700000 169.287500 532.100000
1006.700000 170.287500 533.100000
1007.700000 171.287500 534.100000
1008.800000 172.387500 535.200000
1009.800000 172.400000 536.200000
1010.800000 173.400000 537.200000
1011.800000 174.400000 538.200000
1012.800000 175.400000 539.200000
1013.800000 176.400000 540.200000
1014.800000 177.400000 541.200000
1015.800000 178.400000 542.200000
1016.800000 179.400000 543.200000
1017.800000 180.400000 544.200000
1018.800000 181.400000 545.200000
1019.800000 182.400000 546.200000
1020.800000 179.575000 547.200000
1021.800000 180.575000 548.200000
1022.900000 181.252500 549.300000
1023.900000 182.252500 550.300000
1024.900000 183.252500 551.300000
1025.900000 184.252500 552.300000
1026.900000 185.252500 553.300000
1027.900000 184.377500 554.300000
1028.900000 185.377500 555.300000
1029.900000 186.377500 556.300000
1030.900000 187.377500 557.300000
1031.900000 188.377500 558.300000
1032.900000 189.377500 559.300000
1033.900000 190.377500 560.300000
1034.900000 191.377500 561.300000
1035.900000 192.377500 562.300000
1037.000000 193.477500 563.400000
1038.000000 194.477500 564.400000
1039.000000 195.477500 565.400000
1040.000000 196.477500 566.400000
1041.000000 195.695000 567.400000
1042.000000 196.695000 568.400000
1043.000000 197.695000 569.400000
1044.000000 197.617500 570.400000
1045.000000 198.617500 571.400000
1046.000000 181.502500 474.000000
1047.000000 182.502500 475.000000
1048.000000 183.502500 476.000000
1049.000000 184.502500 477.000000
1050.000000 185.502500 478.000000
1051.100000 186.602500 479.100000
1052.100000 187.602500 480.100000
1053.100000 188.602500 481.100000
1054.100000 189.602500 482.100000
1055.100000 190.602500 483.100000
1056.100000 191.602500 484.100000
1057.100000 192.602500 485.100000
1058.100000 193.602500 486.100000
1059.100000 194.602500 487.100000
1060.100000 195.602500 488.100000
1061.100000 190.405000 489.100000
1062.100000 191.405000 490.100000
1063.100000 192.405000 491.100000
1064.100000 192.490000 492.100000
1065.100000 193.490000 493.100000
1066.100000 194.490000 494.100000
1067.200000 195.590000 495.200000
1068.200000 196.590000 496.200000
1069.200000 197.590000 497.200000
1070.200000 198.590000 498.200000
1071.200000 199.590000 499.200000
1072.200000 200.590000 500.200000
1073.200000 201.590000 501.200000
1074.200000 202.590000 502.200000
1075.200000 203.590000 503.200000
1076.200000 204.590000 504.200000
1077.200000 205.590000 505.200000
1078.200000 206.590000 506.200000
1079.200000 207.590000 507.200000
1080.200000 207.622500 508.200000
1081.300000 208.722500 509.300000
1082.300000 209.722500 510.300000
1083.300000 206.967500 511.300000
1084.300000 207.967500 512.300000
1085.300000 208.967500 513.300000
1086.300000 209.967500 514.300000
1087.300000 210.967500 515.300000
1088.300000 211.967500 516.300000
1089.300000 212.967500 517.300000
1090.300000 213.967500 518.300000
1091.300000 214.967500 519.300000
1092.300000 215.737500 520.300000
1093.300000 216.737500 521.300000
1094.300000 211.437500 522.300000
1095.300000 212.437500 523.300000
1096.400000 213.537500 524.400000
1097.400000 214.537500 525.400000
1098.400000 215.537500 526.400000
1099.400000 216.537500 527.400000
1100.400000 213.792500 528.400000
1101.400000 210.615000 529.400000
1102.400000 211.615000 530.400000
1103.400000 212.615000 531.400000
1104.400000 213.615000 532.400000
1105.400000 214.615000 533.400000
1106.400000 215.615000 534.400000
1107.400000 216.615000 535.400000
1108.400000 217.615000 536.400000
1109.400000 218.615000 537.400000
1110.400000 219.615000 538.400000
1111.400000 220.615000 539.400000
1112.500000 216.972500 540.500000
1113.500000 217.972500 541.500000
1114.500000 218.972500 542.500000
1115.500000 219.972500 543.500000
1116.500000 220.972500 544.500000
1117.500000 221.972500 545.500000
1118.500000 222.972500 546.500000
1119.500000 222.987500 547.500000
1120.500000 223.987500 548.500000
1121.500000 224.987500 549.500000
1122.500000 225.987500 550.500000
1123.500000 226.987500 551.500000
1124.500000 227.400000 552.500000
1125.500000 226.400000 553.500000
1126.600000 227.500000 554.600000
1127.600000 226.825000 555.600000
1128.600000 227.825000 556.600000
1129.600000 228.825000 557.600000
1130.600000 229.825000 558.600000
1131.600000 230.825000 559.600000
1132.600000 231.825000 560.600000
1133.600000 232.825000 561.600000
1134.600000 233.825000 562.600000
1135.600000 234.825000 563.600000
1136.600000 235.825000 564.600000
1137.600000 236.825000 565.600000
1138.600000 237.825000 566.600000
1139.700000 234.145000 567.700000
1140.700000 235.145000 568.700000
1141.700000 236.145000 569.700000
1142.700000 237.145000 570.700000
1143.700000 238.145000 571.700000
1144.700000 239.145000 572.700000
1145.700000 240.145000 573.700000
1146.700000 241.145000 574.700000
1147.700000 242.145000 575.700000
1148.700000 243.145000 576.700000
1149.700000 244.145000 577.700000
1150.700000 245.145000 578.700000
1151.700000 246.145000 579.700000
1152.700000 247.145000 580.700000
1153.700000 248.145000 581.700000
1154.800000 241.617500 582.800000
1155.800000 242.617500 583.800000
1156.800000 243.617500 584.800000
1157.800000 244.617500 585.800000
1158.800000 245.617500 586.800000
1159.800000 246.617500 587.800000
1160.800000 247.617500 588.800000
1161.800000 248.617500 589.800000
1162.800000 249.617500 590.800000
1163.800000 250.617500 591.800000
1164.800000 251.617500 592.800000
1165.800000 252.617500 593.800000
1166.800000 246.212500 594.800000
1167.800000 247.212500 595.800000
1168.800000 248.212500 596.800000
1169.900000 249.312500 597.900000
1170.900000 244.010000 598.900000
1171.900000 245.010000 599.900000
1172.900000 246.010000 600.900000
1173.900000 247.010000 601.900000
1174.900000 242.690000 602.900000
1175.900000 243.690000 603.900000
1176.900000 236.772500 604.900000
1177.900000 233.550000 605.900000
1178.900000 234.550000 606.900000
1179.900000 235.550000 607.900000
1180.900000 236.550000 608.900000
1181.900000 237.550000 609.900000
1182.900000 238.550000 610.900000
1183.900000 239.550000 611.900000
1184.900000 240.550000 612.900000
1186.000000 241.650000 614.000000
1187.000000 242.650000 615.000000
1188.000000 243.650000 616.000000
1189.000000 244.650000 617.000000
1190.000000 245.650000 618.000000
1191.000000 246.650000 619.000000
1192.000000 234.245000 620.000000
1193.000000 235.245000 621.000000
1194.000000 236.245000 622.000000
1195.000000 237.245000 623.000000
1196.000000 234.935000 624.000000
1197.000000 235.935000 625.000000
1198.000000 236.935000 626.000000
1199.000000 237.935000 627.000000
1200.000000 238.935000 628.000000
1201.100000 240.035000 629.100000
1202.100000 241.035000 630.100000
1203.100000 242.035000 631.100000
1204.100000 243.035000 632.100000
1205.100000 234.717500 633.100000
1206.100000 235.717500 634.100000
1207.100000 236.717500 635.100000
1208.100000 237.717500 636.100000
1209.100000 238.717500 637.100000
1210.100000 239.717500 638.100000
1211.100000 240.717500 639.100000
1212.100000 241.717500 640.100000
1213.100000 242.717500 641.100000
1214.100000 225.750000 642.100000
1215.200000 222.625000 643.200000
1216.200000 212.825000 644.200000
1217.200000 213.825000 645.200000
1218.200000 214.825000 646.200000
1219.200000 215.825000 647.200000
1220.200000 216.825000 648.200000
1221.200000 217.825000 649.200000
1222.200000 218.825000 650.200000
1223.200000 219.825000 651.200000
1224.200000 204.525000 635.800000
1225.200000 205.525000 636.800000
1226.200000 206.525000 637.800000
1227.200000 207.525000 638.800000
1228.300000 208.625000 639.900000
1229.300000 209.625000 640.900000
1230.300000 210.625000 641.900000
1231.300000 206.942500 642.900000
1232.300000 195.515000 643.900000
1233.300000 195.597500 644.900000
1234.300000 196.100000 645.900000
1235.300000 197.100000 646.900000
1236.300000 198.100000 647.900000
1237.300000 199.100000 648.900000
1238.300000 200.100000 649.900000
1239.300000 201.100000 650.900000
1240.300000 202.100000 651.900000
1241.300000 203.100000 652.900000
1242.300000 197.805000 653.900000
1243.400000 198.905000 655.000000
1244.400000 199.905000 656.000000
1245.400000 200.905000 657.000000
1246.400000 201.905000 658.000000
1247.400000 202.905000 659.000000
1248.400000 203.905000 660.000000
1249.400000 204.070000 661.000000
1250.400000 205.070000 662.000000
1251.400000 206.070000 663.000000
1252.400000 202.542500 664.000000
1253.400000 203.542500 665.000000
1254.400000 204.542500 666.000000
1255.400000 190.192500 667.000000
1256.400000 191.192500 668.000000
1257.400000 192.192500 669.000000
1258.400000 193.192500 670.000000
1259.400000 194.192500 671.000000
1260.500000 195.292500 672.100000
1261.500000 196.292500 673.100000
1262.500000 197.292500 674.100000
1263.500000 198.292500 675.100000
1264.500000 186.860000 676.100000
1265.500000 187.860000 677.100000
1266.500000 188.860000 678.100000
1267.500000 189.860000 679.100000
1268.500000 190.860000 680.100000
1269.500000 191.860000 681.100000
1270.500000 192.860000 682.100000
1271.500000 193.860000 683.100000
1272.500000 194.860000 684.100000
1273.600000 195.960000 685.200000
1274.600000 180.657500 686.200000
1275.600000 181.657500 687.200000
1276.600000 179.615000 688.200000
1277.600000 180.615000 689.200000
1278.600000 181.615000 690.200000
1279.600000 182.615000 691.200000
1280.600000 183.615000 692.200000
1281.600000 183.817500 693.200000
1282.600000 184.817500 694.200000
1283.600000 185.817500 695.200000
1284.600000 186.817500 696.200000
1285.700000 187.917500 697.300000
1286.700000 188.917500 698.300000
1287.700000 189.917500 699.300000
1288.700000 190.917500 700.300000
1289.700000 191.917500 701.300000
1290.700000 190.762500 702.300000
1291.700000 191.762500 703.300000
1292.700000 188.592500 704.300000
1293.700000 188.642500 705.300000
1294.700000 189.642500 706.300000
1295.700000 190.642500 707.300000
1296.700000 191.642500 708.300000
1297.700000 192.642500 709.300000
1298.700000 193.642500 710.300000
1299.800000 191.712500 711.400000
1300.800000 192.712500 712.400000
1301.800000 193.712500 713.400000
1302.800000 194.712500 714.400000
1303.800000 195.712500 715.400000
1304.800000 196.712500 716.400000
1305.800000 197.712500 717.400000
1306.800000 198.712500 718.400000
1307.800000 196.817500 719.400000
1308.800000 197.817500 720.400000
1309.800000 186.387500 721.400000
1310.800000 187.387500 722.400000
1311.800000 188.387500 723.400000
1312.800000 189.387500 724.400000
1313.800000 190.387500 725.400000
1314.900000 191.487500 726.500000
1315.900000 192.487500 727.500000
1316.900000 193.487500 728.500000
1317.900000 194.487500 729.500000
1318.900000 187.247500 730.500000
1319.900000 188.247500 731.500000
1320.900000 185.080000 732.500000
