2015-07-30 17:49:38
VertexID 0 1 2 3 4 5 6 7 8 9 10 11 12 13 14 15 16 17 18 19 20 21 22 23 24 25 26 27 28 29 30 31 32 33 34 35 36 37 38 39 
VisitCount 3 3 10 3 10 2 8 8 2 3 3 2 3 7 4 11 13 9 9 7 5 6 3 6 6 3 7 5 5 7 3 3 10 7 5 3 2 11 1 3 
MaxIdleness 743.200 252.000 589.600 730.300 534.900 346.900 344.100 308.400 424.800 336.000 335.900 561.700 335.700 304.400 571.700 304.400 187.400 304.300 291.600 316.700 296.200 291.800 680.400 536.200 283.900 652.000 632.100 340.800 354.500 614.000 652.100 497.200 372.700 267.200 268.600 497.300 315.600 432.000 241.500 497.100 
MeanIdleness 382.900 134.933 114.790 382.700 116.930 248.250 143.838 76.700 287.300 232.267 232.133 445.650 231.833 164.300 296.300 107.755 60.938 131.722 116.589 151.700 212.380 170.967 341.933 196.350 183.333 337.033 147.286 192.240 253.300 164.214 370.733 348.700 113.350 138.486 136.600 360.233 301.000 101.155 241.500 338.633 
StdDevIdleness 257.937 82.795 160.799 248.274 149.898 98.650 88.653 88.212 137.500 78.199 78.123 116.050 78.344 95.796 167.259 80.344 36.792 77.816 92.859 83.848 71.566 71.619 239.734 153.725 79.888 228.661 209.819 86.802 76.615 204.823 219.705 109.835 96.356 98.774 101.739 107.235 14.600 125.755 0.000 113.711 
IdlenessRecord
(VertexID0) 743.200 153.400 252.100 
(VertexID1) 74.400 78.400 252.000 
(VertexID2) 589.600 66.100 7.800 66.600 12.100 66.600 87.200 98.300 67.000 86.600 
(VertexID3) 730.300 166.000 251.800 
(VertexID4) 21.300 534.900 70.400 103.400 21.500 144.500 21.600 43.100 187.300 21.300 
(VertexID5) 346.900 149.600 
(VertexID6) 344.100 148.400 70.200 167.600 149.300 16.900 132.500 121.700 
(VertexID7) 39.400 38.300 308.400 38.400 39.700 71.300 38.700 39.400 
(VertexID8) 424.800 149.800 
(VertexID9) 213.600 147.200 336.000 
(VertexID10) 147.400 213.100 335.900 
(VertexID11) 561.700 329.600 
(VertexID12) 146.500 213.300 335.700 
(VertexID13) 258.400 40.000 217.700 304.400 39.500 168.900 121.200 
(VertexID14) 155.600 288.900 571.700 169.000 
(VertexID15) 119.200 36.300 186.600 65.700 36.800 155.600 304.400 75.000 36.600 132.400 36.700 
(VertexID16) 46.100 49.500 52.100 46.200 64.200 50.800 51.900 46.000 50.000 187.400 52.300 46.500 49.200 
(VertexID17) 155.700 148.000 66.200 74.900 117.200 304.300 150.200 9.200 159.800 
(VertexID18) 23.300 132.600 23.100 174.600 191.900 291.600 21.600 167.100 23.500 
(VertexID19) 147.200 21.700 92.100 148.900 145.300 190.000 316.700 
(VertexID20) 168.100 113.800 191.100 292.700 296.200 
(VertexID21) 155.500 144.500 191.800 291.800 51.000 191.200 
(VertexID22) 155.700 680.400 189.700 
(VertexID23) 115.500 116.100 178.900 115.600 536.200 115.800 
(VertexID24) 52.700 155.400 264.900 130.300 283.900 212.800 
(VertexID25) 116.100 243.000 652.000 
(VertexID26) 20.100 95.800 20.300 222.900 19.900 632.100 19.900 
(VertexID27) 220.700 340.800 152.900 80.000 166.800 
(VertexID28) 248.200 354.500 324.500 172.600 166.700 
(VertexID29) 37.500 77.700 38.300 306.000 38.000 614.000 38.000 
(VertexID30) 115.900 344.200 652.100 
(VertexID31) 235.000 313.900 497.200 
(VertexID32) 87.300 38.400 109.300 87.300 38.500 189.800 85.800 38.200 372.700 86.200 
(VertexID33) 267.200 19.100 54.500 241.600 20.300 213.300 153.400 
(VertexID34) 20.400 220.600 20.400 268.600 153.000 
(VertexID35) 235.500 347.900 497.300 
(VertexID36) 286.400 315.600 
(VertexID37) 31.900 33.400 169.800 32.300 33.100 250.100 32.900 31.900 432.000 33.400 31.900 
(VertexID38) 241.500 
(VertexID39) 235.700 283.100 497.100 

