2015-07-30 14:27:59
VertexID 0 1 2 3 4 5 6 7 8 9 10 11 12 13 14 15 16 17 18 19 20 21 22 23 24 
VisitCount 11 15 14 15 12 15 15 12 14 16 15 15 12 16 17 15 13 12 12 15 10 12 15 16 11 
MaxIdleness 352.600 351.900 351.800 218.900 269.800 264.400 264.500 264.300 284.700 202.100 383.100 381.600 346.400 224.200 202.100 266.000 326.300 285.700 244.300 205.300 266.200 269.000 163.600 288.100 288.800 
MeanIdleness 163.691 119.813 128.364 121.260 144.792 124.020 124.020 149.742 132.843 106.025 124.987 124.980 135.825 118.787 98.518 115.933 132.585 142.467 135.675 109.853 153.390 140.333 114.887 107.781 146.145 
StdDevIdleness 87.588 99.087 94.846 64.177 60.338 65.077 69.292 59.018 66.584 41.138 77.820 76.854 92.787 45.079 47.876 59.628 77.731 75.844 68.712 52.278 59.833 56.453 39.099 76.488 87.351 
IdlenessRecord
(VertexID0) 61.500 268.600 40.600 165.100 165.300 99.300 199.900 352.600 95.500 147.100 205.100 
(VertexID1) 18.500 268.500 40.800 18.000 164.800 187.300 59.300 41.000 159.100 40.800 351.900 55.400 40.700 133.300 217.800 
(VertexID2) 18.400 227.400 59.000 204.800 188.300 18.200 82.000 118.000 82.000 351.800 14.500 81.600 132.400 218.700 
(VertexID3) 41.000 186.300 59.100 202.000 42.600 167.300 122.500 76.800 123.100 106.900 218.900 105.900 16.300 132.400 217.800 
(VertexID4) 145.500 59.400 202.100 83.000 161.200 164.600 269.800 187.700 98.100 56.600 132.300 177.200 
(VertexID5) 41.400 243.800 65.100 124.000 41.200 124.300 138.100 166.800 81.900 264.400 118.600 124.400 41.100 164.000 121.200 
(VertexID6) 42.200 242.800 40.900 42.500 123.800 41.700 124.700 159.300 126.500 82.000 264.500 118.800 151.400 204.600 94.600 
(VertexID7) 221.500 81.900 165.300 166.300 62.700 182.900 82.200 264.300 122.600 178.700 173.700 94.800 
(VertexID8) 63.400 181.200 284.700 169.500 163.600 123.000 76.900 65.700 218.700 66.400 80.300 57.700 173.100 135.600 
(VertexID9) 104.200 59.400 202.100 124.000 120.300 41.100 123.400 83.200 122.200 105.200 146.800 41.700 57.500 96.800 132.200 136.300 
(VertexID10) 82.700 204.700 103.900 83.100 82.800 82.500 138.100 147.100 61.000 81.600 383.100 83.400 82.500 122.700 135.600 
(VertexID11) 83.200 120.900 123.000 82.500 82.700 83.000 83.500 199.900 66.100 381.600 103.400 151.300 137.100 108.500 68.000 
(VertexID12) 163.200 124.300 80.200 189.900 122.400 19.600 346.400 56.400 285.700 65.200 81.000 95.600 
(VertexID13) 104.300 60.100 80.500 163.000 162.900 121.900 109.000 101.600 224.200 122.300 97.400 187.500 122.300 67.200 54.700 121.700 
(VertexID14) 19.300 63.100 59.400 202.100 165.000 79.600 81.900 82.200 83.200 147.300 16.100 105.200 105.700 82.700 136.900 149.700 95.400 
(VertexID15) 123.700 163.600 145.000 42.100 123.700 41.500 138.300 187.800 61.500 81.900 117.200 266.000 41.600 123.900 81.200 
(VertexID16) 79.700 163.800 82.700 41.700 124.000 42.400 241.000 326.300 80.500 103.100 151.400 177.900 109.100 
(VertexID17) 81.500 162.300 123.500 121.100 271.700 15.600 285.700 88.200 206.300 153.600 104.900 95.200 
(VertexID18) 41.800 202.100 243.600 150.200 97.900 244.300 88.200 41.500 164.800 177.200 97.000 79.500 
(VertexID19) 41.000 59.900 202.700 205.300 161.300 41.100 84.200 146.300 57.100 88.600 82.000 123.400 136.600 138.800 79.500 
(VertexID20) 122.800 186.300 165.400 138.700 228.700 61.500 81.900 117.000 266.200 165.400 
(VertexID21) 82.600 204.400 165.800 120.100 269.000 61.500 82.100 116.900 102.500 151.400 177.600 150.100 
(VertexID22) 81.300 162.300 82.700 162.400 83.100 146.700 163.600 61.600 81.900 95.300 82.700 151.800 153.700 65.100 149.100 
(VertexID23) 41.400 202.400 41.700 202.400 43.100 147.000 204.100 61.600 41.600 42.200 93.400 41.900 288.100 57.600 80.300 135.700 
(VertexID24) 19.600 243.700 245.700 161.100 231.900 61.200 83.700 93.700 288.800 98.800 79.400 

