23.500000 0.300000 0.300000
24.500000 1.108000 1.300000
25.500000 2.108000 2.300000
26.500000 3.108000 3.300000
27.500000 4.108000 4.300000
28.500000 5.108000 5.300000
29.600000 6.208000 6.400000
30.600000 7.208000 7.400000
31.600000 8.208000 8.400000
32.600000 9.208000 9.400000
33.600000 10.208000 10.400000
34.600000 11.208000 11.400000
35.600000 12.208000 12.400000
36.600000 13.208000 13.400000
37.600000 14.208000 14.400000
38.600000 15.208000 15.400000
39.600000 16.208000 16.400000
40.600000 17.208000 17.400000
41.600000 18.208000 18.400000
42.600000 19.208000 19.400000
43.600000 20.208000 20.400000
44.600000 21.208000 21.400000
45.600000 19.612000 22.400000
46.600000 20.612000 23.400000
47.600000 20.660000 24.400000
48.600000 21.660000 25.400000
49.600000 22.660000 26.400000
50.600000 23.660000 27.400000
51.600000 24.660000 28.400000
52.600000 25.660000 29.400000
53.600000 26.660000 30.400000
54.600000 27.660000 31.400000
55.600000 28.660000 32.400000
56.600000 29.660000 33.400000
57.600000 30.660000 34.400000
58.600000 31.660000 35.400000
59.600000 32.660000 36.400000
60.600000 33.660000 37.400000
61.600000 34.660000 38.400000
62.600000 35.660000 39.400000
63.600000 36.660000 40.400000
64.700000 37.760000 41.500000
65.700000 34.648000 42.500000
66.700000 35.648000 43.500000
67.700000 34.876000 44.500000
68.700000 35.876000 45.500000
69.700000 36.876000 46.500000
70.700000 37.876000 47.500000
71.700000 38.876000 48.500000
72.700000 39.876000 49.500000
73.700000 40.876000 50.500000
74.700000 41.876000 51.500000
75.700000 42.876000 52.500000
76.700000 43.876000 53.500000
77.700000 44.876000 54.500000
78.700000 45.876000 55.500000
79.700000 46.876000 56.500000
80.700000 47.876000 57.500000
81.700000 48.876000 58.500000
82.700000 49.876000 59.500000
83.700000 50.876000 60.500000
84.700000 51.876000 61.500000
85.700000 52.876000 62.500000
86.700000 50.680000 63.500000
87.700000 49.992000 64.500000
88.700000 48.400000 65.500000
89.700000 49.400000 66.500000
90.700000 50.400000 67.500000
91.800000 51.500000 68.600000
92.800000 52.500000 69.600000
93.800000 53.500000 70.600000
94.800000 54.500000 71.600000
95.800000 55.500000 72.600000
96.800000 56.500000 73.600000
97.800000 57.500000 74.600000
98.800000 58.500000 75.600000
99.800000 59.500000 76.600000
100.800000 60.500000 77.600000
101.800000 61.500000 78.600000
102.800000 62.500000 79.600000
103.800000 63.500000 80.600000
104.800000 64.500000 81.600000
105.800000 65.500000 82.600000
106.800000 63.204000 83.600000
107.800000 60.876000 84.600000
108.800000 59.340000 85.600000
109.800000 60.340000 86.600000
110.800000 61.340000 87.600000
111.800000 62.340000 88.600000
112.800000 63.340000 89.600000
113.800000 64.340000 90.600000
114.800000 65.340000 91.600000
115.800000 66.340000 92.600000
116.800000 67.340000 93.600000
117.800000 68.340000 94.600000
118.800000 69.340000 95.600000
119.800000 70.340000 96.600000
120.800000 71.340000 97.600000
121.800000 72.340000 98.600000
122.800000 73.340000 99.600000
123.800000 74.340000 100.600000
124.800000 75.340000 101.600000
125.900000 76.440000 102.700000
126.900000 73.296000 103.700000
127.900000 70.988000 104.700000
128.900000 63.608000 105.700000
129.900000 64.608000 106.700000
130.900000 65.608000 107.700000
131.900000 66.608000 108.700000
132.900000 67.608000 109.700000
133.900000 68.608000 110.700000
134.900000 69.608000 111.700000
135.900000 70.608000 112.700000
136.900000 71.608000 113.700000
137.900000 72.608000 114.700000
138.900000 73.608000 115.700000
139.900000 74.608000 116.700000
140.900000 75.608000 117.700000
141.900000 76.608000 118.700000
142.900000 77.608000 119.700000
143.900000 78.608000 120.700000
144.900000 79.608000 121.700000
145.900000 80.608000 122.700000
146.900000 81.608000 123.700000
147.900000 77.632000 124.700000
148.900000 68.680000 125.700000
149.900000 64.648000 126.700000
150.900000 65.648000 127.700000
151.900000 66.648000 128.700000
153.000000 67.748000 129.800000
153.900000 68.648000 130.700000
155.000000 69.748000 131.800000
156.000000 70.748000 132.800000
157.000000 71.748000 133.800000
158.000000 72.748000 134.800000
159.000000 73.748000 135.800000
160.000000 74.748000 136.800000
161.000000 75.748000 137.800000
162.000000 76.748000 138.800000
163.000000 77.748000 139.800000
164.000000 78.748000 140.800000
165.000000 79.748000 141.800000
166.000000 80.748000 142.800000
167.000000 81.748000 143.800000
168.000000 82.748000 144.800000
169.000000 77.152000 145.800000
170.000000 66.452000 146.800000
171.000000 67.452000 147.800000
172.000000 68.452000 148.800000
173.000000 69.452000 149.800000
174.000000 70.452000 150.800000
175.000000 71.452000 151.800000
176.000000 72.452000 152.800000
177.000000 73.452000 153.800000
178.000000 74.452000 154.800000
179.000000 75.452000 155.800000
180.000000 76.452000 156.800000
181.000000 77.452000 157.800000
182.000000 78.452000 158.800000
183.000000 79.452000 159.800000
184.000000 80.452000 160.800000
185.000000 81.452000 161.800000
186.000000 82.452000 162.800000
187.100000 83.552000 163.900000
188.100000 84.552000 164.900000
189.100000 76.536000 165.900000
190.100000 70.888000 166.900000
191.100000 65.200000 167.900000
192.100000 66.200000 168.900000
193.100000 67.200000 169.900000
194.100000 68.200000 170.900000
195.100000 69.200000 171.900000
196.100000 70.200000 172.900000
197.100000 71.200000 173.900000
198.100000 72.200000 174.900000
199.100000 73.200000 175.900000
200.100000 74.200000 176.900000
201.100000 75.200000 177.900000
202.100000 76.200000 178.900000
203.100000 77.200000 179.900000
204.100000 78.200000 180.900000
205.100000 79.200000 181.900000
206.100000 80.200000 182.900000
207.100000 81.200000 183.900000
208.100000 79.012000 184.900000
209.100000 80.012000 185.900000
210.100000 72.788000 186.900000
211.100000 72.148000 187.900000
212.100000 73.148000 188.900000
213.100000 74.148000 189.900000
214.100000 75.148000 190.900000
215.100000 76.148000 191.900000
216.100000 77.148000 192.900000
217.200000 78.248000 194.000000
218.200000 79.248000 195.000000
219.200000 80.248000 196.000000
220.200000 81.248000 197.000000
221.200000 82.248000 198.000000
222.200000 83.248000 199.000000
223.200000 84.248000 200.000000
224.200000 85.248000 201.000000
225.200000 86.248000 202.000000
226.200000 87.248000 203.000000
227.200000 88.248000 204.000000
228.200000 89.248000 205.000000
229.200000 85.412000 206.000000
230.200000 83.152000 207.000000
231.200000 82.496000 208.000000
232.200000 80.972000 209.000000
233.200000 81.972000 210.000000
234.200000 82.972000 211.000000
235.200000 83.972000 212.000000
236.200000 84.972000 213.000000
237.200000 85.972000 214.000000
238.200000 86.972000 215.000000
239.200000 87.972000 216.000000
240.200000 88.972000 217.000000
241.200000 89.972000 218.000000
242.200000 90.972000 219.000000
243.200000 91.972000 220.000000
244.200000 92.972000 221.000000
245.200000 93.972000 222.000000
246.200000 94.972000 223.000000
247.200000 95.972000 224.000000
248.200000 96.972000 225.000000
249.200000 88.952000 183.700000
250.200000 89.952000 184.700000
251.200000 86.028000 185.700000
252.300000 82.960000 186.800000
253.300000 83.960000 187.800000
254.300000 84.960000 188.800000
255.300000 85.960000 189.800000
256.300000 86.960000 190.800000
257.300000 87.960000 191.800000
258.300000 88.960000 192.800000
259.300000 89.960000 193.800000
260.300000 90.960000 194.800000
261.300000 91.960000 195.800000
262.300000 92.960000 196.800000
263.300000 93.960000 197.800000
264.300000 94.960000 198.800000
265.300000 95.960000 199.800000
266.300000 96.960000 200.800000
267.300000 97.960000 201.800000
268.300000 98.960000 202.800000
269.300000 96.740000 203.800000
270.300000 97.740000 204.800000
271.300000 93.040000 205.800000
272.300000 88.220000 206.800000
273.300000 89.220000 207.800000
274.300000 90.220000 208.800000
275.300000 91.220000 209.800000
276.300000 92.220000 210.800000
277.300000 93.220000 211.800000
278.300000 94.220000 212.800000
279.400000 95.320000 213.900000
280.400000 96.320000 214.900000
281.400000 97.320000 215.900000
282.400000 98.320000 216.900000
283.400000 99.320000 217.900000
284.400000 100.320000 218.900000
285.400000 101.320000 219.900000
286.400000 102.320000 220.900000
287.400000 103.320000 221.900000
288.400000 104.320000 222.900000
289.400000 98.072000 223.900000
290.400000 99.072000 224.900000
291.400000 97.696000 225.900000
292.400000 93.784000 226.900000
293.400000 87.332000 227.900000
294.400000 88.332000 228.900000
295.400000 89.332000 229.900000
296.400000 90.332000 230.900000
297.400000 91.332000 231.900000
298.400000 92.332000 232.900000
299.400000 93.332000 233.900000
300.400000 94.332000 234.900000
301.400000 95.332000 235.900000
302.400000 96.332000 236.900000
303.400000 97.332000 237.900000
304.400000 98.332000 238.900000
305.400000 99.332000 239.900000
306.400000 100.332000 240.900000
307.400000 101.332000 241.900000
308.400000 102.332000 242.900000
309.400000 103.332000 243.900000
310.400000 95.472000 244.900000
311.400000 94.096000 245.900000
312.400000 88.552000 246.900000
313.400000 80.456000 247.900000
314.400000 81.456000 248.900000
315.400000 82.456000 249.900000
316.500000 83.556000 251.000000
317.500000 84.556000 252.000000
318.500000 85.556000 253.000000
319.500000 86.556000 254.000000
320.500000 87.556000 255.000000
321.500000 88.556000 256.000000
322.500000 89.556000 257.000000
323.500000 90.556000 258.000000
324.500000 91.556000 259.000000
325.500000 92.556000 260.000000
326.500000 93.556000 261.000000
327.500000 94.556000 262.000000
328.500000 95.556000 263.000000
329.500000 96.556000 264.000000
330.500000 87.844000 265.000000
331.500000 88.844000 266.000000
332.500000 79.280000 267.000000
333.500000 80.280000 268.000000
334.500000 70.540000 248.600000
335.500000 71.540000 249.600000
336.500000 72.540000 250.600000
337.500000 73.540000 251.600000
338.500000 74.540000 252.600000
339.500000 75.540000 253.600000
340.500000 76.540000 254.600000
341.500000 77.540000 255.600000
342.600000 78.640000 256.700000
343.600000 79.640000 257.700000
344.600000 80.640000 258.700000
345.600000 81.640000 259.700000
346.600000 82.640000 260.700000
347.600000 83.640000 261.700000
348.600000 84.640000 262.700000
349.600000 85.640000 263.700000
350.600000 76.888000 264.700000
351.600000 72.968000 265.700000
352.600000 71.604000 266.700000
353.600000 72.604000 267.700000
354.600000 62.860000 146.500000
355.600000 63.860000 147.500000
356.600000 64.860000 148.500000
357.600000 65.860000 149.500000
358.600000 66.860000 150.500000
359.600000 67.860000 151.500000
360.600000 68.860000 152.500000
361.600000 69.860000 153.500000
362.600000 70.860000 154.500000
363.600000 71.860000 155.500000
364.600000 72.860000 156.500000
365.600000 73.860000 157.500000
366.600000 74.860000 158.500000
367.600000 75.860000 159.500000
368.600000 76.860000 160.500000
369.600000 77.860000 161.500000
370.600000 78.860000 162.500000
371.600000 78.224000 163.500000
372.600000 70.312000 162.600000
373.600000 71.312000 163.600000
374.600000 72.312000 164.600000
375.600000 71.680000 165.600000
376.600000 72.680000 166.600000
377.700000 73.780000 167.700000
378.700000 74.780000 168.700000
379.700000 75.780000 169.700000
380.700000 76.780000 170.700000
381.700000 77.780000 171.700000
382.700000 78.780000 172.700000
383.700000 79.780000 173.700000
384.700000 80.780000 174.700000
385.700000 81.780000 175.700000
386.700000 82.780000 176.700000
387.700000 83.780000 177.700000
388.700000 84.780000 178.700000
389.700000 85.780000 179.700000
390.700000 86.780000 180.700000
391.700000 84.504000 181.700000
392.700000 79.012000 182.700000
393.700000 79.292000 183.700000
394.700000 80.292000 184.700000
395.700000 79.668000 185.700000
396.700000 80.668000 186.700000
397.700000 81.668000 187.700000
398.700000 82.668000 188.700000
399.700000 83.668000 189.700000
400.700000 84.668000 190.700000
401.700000 85.668000 191.700000
402.700000 86.668000 192.700000
403.700000 87.668000 193.700000
404.800000 88.768000 194.800000
405.800000 89.768000 195.800000
406.800000 90.768000 196.800000
407.800000 91.768000 197.800000
408.800000 92.768000 198.800000
409.800000 93.768000 199.800000
410.800000 94.768000 200.800000
411.800000 95.768000 201.800000
412.800000 83.748000 202.800000
413.800000 83.048000 203.800000
414.800000 84.048000 204.800000
415.800000 82.444000 205.800000
416.800000 83.444000 206.800000
417.800000 84.444000 207.800000
418.800000 85.444000 208.800000
419.800000 86.444000 209.800000
420.800000 87.444000 210.800000
421.800000 88.444000 211.800000
422.800000 89.444000 212.800000
423.800000 90.444000 213.800000
424.800000 91.444000 214.800000
425.800000 92.444000 215.800000
426.800000 93.444000 216.800000
427.800000 94.444000 217.800000
428.800000 95.444000 218.800000
429.800000 96.444000 219.800000
430.800000 97.444000 220.800000
431.800000 98.444000 221.800000
432.800000 92.924000 222.800000
433.800000 85.828000 223.800000
434.800000 83.528000 224.800000
435.800000 84.528000 225.800000
436.800000 81.372000 226.800000
437.900000 82.472000 227.900000
438.900000 83.472000 228.900000
439.900000 84.472000 229.900000
440.900000 85.472000 230.900000
441.900000 86.472000 231.900000
442.900000 87.472000 232.900000
443.900000 88.472000 233.900000
444.900000 89.472000 234.900000
445.900000 90.472000 235.900000
446.900000 91.472000 236.900000
447.900000 92.472000 237.900000
448.900000 93.472000 238.900000
449.900000 94.472000 239.900000
450.900000 95.472000 240.900000
451.900000 96.472000 241.900000
452.900000 97.472000 242.900000
453.900000 80.640000 183.200000
454.900000 78.332000 184.200000
455.900000 79.332000 185.200000
456.900000 74.532000 186.200000
457.900000 75.532000 187.200000
458.900000 76.532000 188.200000
459.900000 77.532000 189.200000
460.900000 78.532000 190.200000
461.900000 79.532000 191.200000
462.900000 80.532000 192.200000
463.900000 81.532000 193.200000
464.900000 82.532000 194.200000
465.900000 83.532000 195.200000
466.900000 84.532000 196.200000
467.900000 85.532000 197.200000
468.900000 86.532000 198.200000
469.900000 87.532000 199.200000
470.900000 88.532000 200.200000
471.900000 89.532000 201.200000
473.000000 90.632000 202.300000
474.000000 83.524000 202.900000
475.000000 82.856000 203.900000
476.000000 75.680000 186.600000
477.000000 76.680000 187.600000
478.000000 70.228000 188.600000
479.000000 71.228000 189.600000
480.000000 72.228000 190.600000
481.000000 73.228000 191.600000
482.000000 74.228000 192.600000
483.000000 75.228000 193.600000
484.000000 76.228000 194.600000
485.000000 77.228000 195.600000
486.000000 78.228000 196.600000
487.000000 79.228000 197.600000
488.000000 80.228000 198.600000
489.000000 81.228000 199.600000
490.000000 82.228000 200.600000
491.000000 83.228000 201.600000
492.000000 84.228000 202.600000
493.000000 77.144000 203.600000
494.000000 78.144000 204.600000
495.000000 79.144000 205.600000
496.000000 76.836000 206.600000
497.000000 76.168000 207.600000
498.000000 77.168000 208.600000
499.000000 76.484000 209.600000
500.000000 77.484000 210.600000
501.000000 78.484000 211.600000
502.000000 79.484000 212.600000
503.000000 80.484000 213.600000
504.000000 81.484000 214.600000
505.000000 82.484000 215.600000
506.000000 83.484000 216.600000
507.100000 84.584000 217.700000
508.100000 85.584000 218.700000
509.100000 86.584000 219.700000
510.100000 87.584000 220.700000
511.100000 88.584000 221.700000
512.100000 89.584000 222.700000
513.100000 90.584000 223.700000
514.100000 83.500000 224.700000
515.100000 84.500000 225.700000
516.100000 80.560000 226.700000
517.100000 78.252000 227.700000
518.100000 79.252000 228.700000
519.100000 80.252000 229.700000
520.100000 77.928000 230.700000
521.100000 78.928000 231.700000
522.100000 79.928000 232.700000
523.100000 80.928000 233.700000
524.100000 81.928000 234.700000
525.100000 82.928000 235.700000
526.100000 83.928000 236.700000
527.100000 84.928000 237.700000
528.100000 85.928000 238.700000
529.100000 86.928000 239.700000
530.100000 87.928000 240.700000
531.100000 88.928000 241.700000
532.100000 89.928000 242.700000
533.100000 90.928000 243.700000
534.100000 83.844000 244.700000
535.100000 84.844000 245.700000
536.100000 85.844000 246.700000
537.200000 77.020000 247.800000
538.200000 78.020000 248.800000
539.200000 79.020000 249.800000
540.200000 75.060000 250.800000
541.200000 76.060000 251.800000
542.200000 77.060000 252.800000
543.200000 78.060000 253.800000
544.200000 79.060000 254.800000
545.200000 80.060000 255.800000
546.200000 81.060000 256.800000
547.200000 82.060000 257.800000
548.200000 83.060000 258.800000
549.200000 84.060000 259.800000
550.200000 85.060000 260.800000
551.200000 86.060000 261.800000
552.200000 87.060000 262.800000
553.200000 88.060000 263.800000
554.200000 80.980000 264.800000
555.200000 81.980000 265.800000
556.200000 82.980000 266.800000
557.200000 77.368000 267.800000
558.200000 71.776000 268.800000
559.200000 72.776000 269.800000
560.200000 67.172000 270.800000
561.200000 68.172000 271.800000
562.200000 69.172000 272.800000
563.200000 70.172000 273.800000
564.200000 71.172000 274.800000
565.200000 72.172000 275.800000
566.200000 73.172000 276.800000
567.200000 74.172000 277.800000
568.200000 75.172000 278.800000
569.200000 76.172000 279.800000
570.200000 77.172000 280.800000
571.200000 78.172000 281.800000
572.200000 79.172000 282.800000
573.300000 80.272000 283.900000
574.300000 69.884000 202.000000
575.300000 70.884000 203.000000
576.300000 71.884000 204.000000
577.300000 64.692000 145.000000
578.300000 65.692000 146.000000
579.300000 65.024000 147.000000
580.300000 66.024000 148.000000
581.300000 65.376000 149.000000
582.300000 66.376000 150.000000
583.300000 67.376000 151.000000
584.300000 68.376000 152.000000
585.300000 69.376000 153.000000
586.300000 70.376000 154.000000
587.300000 71.376000 155.000000
588.300000 72.376000 156.000000
589.300000 73.376000 157.000000
590.300000 74.376000 158.000000
591.300000 75.376000 159.000000
592.300000 76.376000 160.000000
593.300000 77.376000 161.000000
594.300000 78.376000 162.000000
595.300000 72.860000 142.200000
596.300000 73.860000 143.200000
597.300000 73.156000 144.200000
598.300000 74.156000 145.200000
599.300000 75.156000 146.200000
600.400000 72.936000 147.300000
601.400000 73.936000 148.300000
602.400000 71.624000 149.300000
603.400000 72.624000 150.300000
604.400000 73.624000 151.300000
605.400000 74.624000 152.300000
606.400000 75.624000 153.300000
607.400000 76.624000 154.300000
608.400000 77.624000 155.300000
609.400000 78.624000 156.300000
610.400000 79.624000 157.300000
611.400000 80.624000 158.300000
612.400000 81.624000 159.300000
613.400000 82.624000 160.300000
614.400000 83.624000 161.300000
615.400000 84.624000 162.300000
616.400000 82.416000 163.300000
617.400000 80.096000 164.300000
618.400000 81.096000 165.300000
619.400000 82.096000 166.300000
620.400000 78.136000 167.300000
621.400000 79.136000 168.300000
622.400000 80.136000 169.300000
623.400000 76.188000 170.300000
624.400000 77.188000 171.300000
625.400000 78.188000 172.300000
626.400000 79.188000 173.300000
627.400000 80.188000 174.300000
628.400000 81.188000 175.300000
629.400000 82.188000 176.300000
630.400000 83.188000 177.300000
631.400000 84.188000 178.300000
632.400000 85.188000 179.300000
633.400000 86.188000 180.300000
634.400000 87.188000 181.300000
635.500000 88.288000 182.400000
636.500000 89.288000 183.400000
637.500000 80.484000 184.400000
638.500000 81.484000 185.400000
639.500000 82.484000 186.400000
640.500000 83.484000 187.400000
641.500000 77.852000 188.400000
642.500000 78.852000 189.400000
643.500000 73.236000 190.400000
644.500000 74.236000 191.400000
645.500000 75.236000 192.400000
646.500000 76.236000 193.400000
647.500000 77.236000 194.400000
648.500000 78.236000 195.400000
649.500000 79.236000 196.400000
650.500000 80.236000 197.400000
651.500000 81.236000 198.400000
652.500000 82.236000 199.400000
653.500000 83.236000 200.400000
654.500000 84.236000 201.400000
655.500000 85.236000 202.400000
656.500000 86.236000 203.400000
657.500000 87.236000 204.400000
658.500000 75.140000 205.400000
659.500000 76.140000 206.400000
660.600000 77.240000 207.500000
661.600000 78.240000 208.500000
662.600000 79.240000 209.500000
663.600000 78.544000 210.500000
664.600000 77.884000 211.500000
665.600000 78.884000 212.500000
666.600000 79.884000 213.500000
667.600000 80.884000 214.500000
668.600000 81.884000 215.500000
669.600000 82.884000 216.500000
670.600000 83.884000 217.500000
671.600000 84.884000 218.500000
672.600000 85.884000 219.500000
673.600000 86.884000 220.500000
674.600000 87.884000 221.500000
675.600000 88.884000 222.500000
676.600000 89.884000 223.500000
677.600000 82.788000 224.500000
678.600000 83.788000 225.500000
679.600000 76.576000 226.500000
680.600000 77.576000 227.500000
681.600000 78.576000 228.500000
682.600000 79.576000 229.500000
683.600000 77.236000 230.500000
684.600000 74.936000 231.500000
685.600000 75.936000 232.500000
686.600000 76.936000 233.500000
687.600000 77.936000 234.500000
688.600000 78.936000 235.500000
689.600000 79.936000 236.500000
690.600000 80.936000 237.500000
691.600000 81.936000 238.500000
692.600000 82.936000 239.500000
693.600000 83.936000 240.500000
694.600000 84.936000 241.500000
695.600000 85.936000 242.500000
696.600000 86.936000 243.500000
697.700000 78.292000 244.000000
698.700000 79.292000 245.000000
699.700000 70.464000 143.000000
700.700000 71.464000 144.000000
701.700000 72.464000 145.000000
702.700000 73.464000 146.000000
703.700000 69.476000 147.000000
704.700000 70.476000 148.000000
705.700000 66.504000 149.000000
706.700000 67.504000 150.000000
707.700000 68.504000 151.000000
708.700000 69.504000 152.000000
709.700000 70.504000 153.000000
710.700000 71.504000 154.000000
711.700000 72.504000 155.000000
712.700000 73.504000 156.000000
713.700000 74.504000 157.000000
714.700000 75.504000 158.000000
715.700000 76.504000 159.000000
716.700000 77.504000 160.000000
717.700000 73.628000 161.000000
718.700000 74.628000 162.000000
719.700000 75.628000 163.000000
720.700000 74.904000 164.000000
721.700000 75.904000 165.000000
722.700000 76.904000 166.000000
723.700000 71.252000 166.100000
724.700000 72.252000 167.100000
725.700000 66.640000 168.100000
726.800000 67.740000 169.200000
727.800000 68.740000 170.200000
728.800000 69.740000 171.200000
729.800000 70.740000 172.200000
730.800000 71.740000 173.200000
731.800000 72.740000 174.200000
732.800000 73.740000 175.200000
733.800000 74.740000 176.200000
734.800000 75.740000 177.200000
735.800000 76.740000 178.200000
736.800000 77.740000 179.200000
737.800000 75.556000 180.200000
738.800000 76.556000 181.200000
739.800000 77.556000 182.200000
740.800000 78.556000 183.200000
741.800000 76.232000 184.200000
742.800000 77.232000 185.200000
743.800000 71.452000 186.200000
744.800000 72.452000 187.200000
745.800000 65.960000 168.700000
746.800000 66.960000 169.700000
747.800000 67.960000 170.700000
748.800000 68.960000 171.700000
749.800000 69.960000 172.700000
750.800000 70.960000 173.700000
751.800000 71.960000 174.700000
752.800000 72.960000 175.700000
753.800000 73.960000 176.700000
754.800000 74.960000 177.700000
755.800000 75.960000 178.700000
756.800000 76.960000 179.700000
757.800000 73.148000 180.700000
758.800000 74.148000 181.700000
759.800000 75.148000 182.700000
760.800000 76.148000 183.700000
761.800000 72.344000 184.700000
762.800000 73.344000 185.700000
763.800000 67.652000 186.700000
764.800000 68.652000 187.700000
765.800000 62.120000 149.400000
766.800000 63.120000 150.400000
767.900000 64.220000 151.500000
768.900000 65.220000 152.500000
769.900000 66.220000 153.500000
770.900000 67.220000 154.500000
771.900000 68.220000 155.500000
772.900000 69.220000 156.500000
773.900000 70.220000 157.500000
774.900000 71.220000 158.500000
775.900000 72.220000 159.500000
776.900000 73.220000 160.500000
777.900000 74.220000 161.500000
778.900000 68.772000 162.500000
779.900000 69.772000 163.500000
780.900000 70.772000 164.500000
781.900000 71.772000 165.500000
782.900000 67.224000 166.500000
783.900000 67.496000 167.500000
784.900000 68.496000 168.500000
785.900000 66.988000 169.500000
786.900000 67.988000 170.500000
787.900000 68.988000 171.500000
788.900000 69.988000 172.500000
789.900000 70.988000 173.500000
790.900000 71.988000 174.500000
791.900000 72.988000 175.500000
792.900000 73.988000 176.500000
793.900000 74.988000 177.500000
794.900000 75.988000 178.500000
796.000000 77.088000 179.600000
797.000000 78.088000 180.600000
798.000000 79.088000 181.600000
799.000000 78.444000 182.600000
800.000000 79.444000 183.600000
801.000000 80.444000 184.600000
802.000000 81.444000 185.600000
803.000000 76.912000 186.600000
804.000000 77.912000 187.600000
805.000000 76.540000 188.600000
806.000000 77.540000 189.600000
807.000000 70.944000 170.300000
808.000000 71.944000 171.300000
809.000000 72.944000 172.300000
810.000000 73.944000 173.300000
811.000000 74.944000 174.300000
812.000000 75.944000 175.300000
813.000000 76.944000 176.300000
814.000000 77.944000 177.300000
815.000000 78.944000 178.300000
816.000000 79.944000 179.300000
817.000000 80.944000 180.300000
818.000000 81.944000 181.300000
819.000000 82.944000 182.300000
820.000000 80.668000 183.300000
821.000000 81.668000 184.300000
822.000000 82.668000 185.300000
823.000000 78.144000 186.300000
824.000000 79.144000 187.300000
825.000000 76.172000 188.300000
826.000000 77.172000 189.300000
827.000000 73.812000 190.300000
828.000000 74.812000 191.300000
829.000000 75.812000 192.300000
830.000000 76.812000 193.300000
831.000000 77.812000 194.300000
832.000000 78.812000 195.300000
833.000000 79.812000 196.300000
834.000000 80.812000 197.300000
835.100000 81.912000 198.400000
836.100000 82.912000 199.400000
837.100000 83.912000 200.400000
838.100000 84.912000 201.400000
839.100000 85.912000 202.400000
840.100000 80.460000 203.400000
841.100000 81.460000 204.400000
842.100000 82.460000 205.400000
843.100000 83.460000 206.400000
844.100000 78.936000 207.400000
845.100000 79.936000 208.400000
846.100000 79.296000 209.400000
847.100000 74.288000 210.400000
848.100000 75.288000 211.400000
849.100000 76.288000 212.400000
850.100000 77.288000 213.400000
851.100000 78.288000 214.400000
852.100000 79.288000 215.400000
853.100000 80.288000 216.400000
854.100000 81.288000 217.400000
855.100000 82.288000 218.400000
856.100000 83.288000 219.400000
857.100000 84.288000 220.400000
858.100000 85.288000 221.400000
859.100000 86.288000 222.400000
860.100000 87.288000 223.400000
861.100000 81.844000 224.400000
862.200000 82.944000 225.500000
863.200000 77.572000 226.500000
864.200000 78.572000 227.500000
865.200000 79.572000 228.500000
866.200000 77.292000 229.500000
867.200000 78.292000 230.500000
868.200000 73.412000 231.500000
869.200000 74.412000 232.500000
870.200000 75.412000 233.500000
871.200000 76.412000 234.500000
872.200000 77.412000 235.500000
873.200000 78.412000 236.500000
874.200000 79.412000 237.500000
875.200000 80.412000 238.500000
876.200000 81.412000 239.500000
877.200000 82.412000 240.500000
878.200000 83.412000 241.500000
879.200000 84.412000 242.500000
880.200000 85.412000 243.500000
881.200000 84.768000 244.500000
882.200000 85.768000 245.500000
883.200000 78.772000 246.500000
884.200000 79.772000 247.500000
885.200000 80.772000 248.500000
886.200000 76.872000 249.500000
887.200000 77.872000 250.500000
888.200000 73.004000 251.500000
889.200000 74.004000 252.500000
890.200000 75.004000 253.500000
891.200000 76.004000 254.500000
892.200000 77.004000 255.500000
893.200000 78.004000 256.500000
894.200000 79.004000 257.500000
895.200000 80.004000 258.500000
896.200000 81.004000 259.500000
897.200000 82.004000 260.500000
898.300000 83.104000 261.600000
899.300000 84.104000 262.600000
900.300000 85.104000 263.600000
901.300000 86.104000 264.600000
902.300000 83.816000 265.600000
903.300000 84.816000 266.600000
904.300000 76.176000 267.600000
905.300000 77.176000 268.600000
906.300000 78.176000 269.600000
907.300000 72.632000 270.600000
908.300000 73.632000 271.600000
909.300000 63.764000 147.900000
910.300000 64.764000 148.900000
911.300000 65.764000 149.900000
912.300000 66.764000 150.900000
913.300000 67.764000 151.900000
914.300000 68.764000 152.900000
915.300000 69.764000 153.900000
916.300000 70.764000 154.900000
917.300000 71.764000 155.900000
918.300000 72.764000 156.900000
919.300000 73.764000 157.900000
920.300000 74.764000 158.900000
921.300000 75.764000 159.900000
922.300000 71.828000 160.900000
923.300000 72.828000 161.900000
924.300000 73.204000 162.900000
925.300000 74.204000 163.900000
926.400000 75.304000 165.000000
927.400000 76.304000 166.000000
928.400000 73.240000 167.000000
929.400000 69.344000 168.000000
930.400000 70.344000 169.000000
931.400000 71.344000 170.000000
932.400000 72.344000 171.000000
933.400000 73.344000 172.000000
934.400000 74.344000 173.000000
935.400000 75.344000 174.000000
936.400000 76.344000 175.000000
937.400000 77.344000 176.000000
938.400000 78.344000 177.000000
939.400000 79.344000 178.000000
940.400000 80.344000 179.000000
941.400000 81.344000 180.000000
942.400000 82.344000 181.000000
943.400000 76.760000 182.000000
944.400000 77.760000 183.000000
945.400000 74.844000 184.000000
946.400000 75.844000 185.000000
947.400000 76.844000 186.000000
948.400000 77.060000 187.000000
949.400000 75.416000 188.000000
950.400000 76.416000 189.000000
951.400000 77.416000 190.000000
952.400000 78.416000 191.000000
953.400000 79.416000 192.000000
954.400000 80.416000 193.000000
955.400000 81.416000 194.000000
956.400000 82.416000 195.000000
957.400000 83.416000 196.000000
958.400000 84.416000 197.000000
959.400000 85.416000 198.000000
960.400000 86.416000 199.000000
961.400000 87.416000 200.000000
962.400000 88.416000 201.000000
963.400000 86.344000 202.000000
964.400000 87.344000 203.000000
965.400000 84.976000 204.000000
966.400000 85.976000 205.000000
967.500000 87.076000 206.100000
968.500000 88.076000 207.100000
969.500000 81.760000 208.100000
970.500000 76.876000 209.100000
971.500000 77.876000 210.100000
972.500000 78.876000 211.100000
973.500000 79.876000 212.100000
974.500000 80.876000 213.100000
975.500000 81.876000 214.100000
976.500000 82.876000 215.100000
977.500000 83.876000 216.100000
978.500000 84.876000 217.100000
979.500000 85.876000 218.100000
980.500000 86.876000 219.100000
981.500000 87.876000 220.100000
982.500000 88.876000 221.100000
983.500000 89.876000 222.100000
984.500000 86.156000 223.100000
985.500000 83.828000 224.100000
986.500000 84.828000 225.100000
987.500000 85.828000 226.100000
988.500000 86.828000 227.100000
989.500000 82.768000 228.100000
990.500000 76.256000 229.100000
991.500000 77.256000 230.100000
992.500000 78.256000 231.100000
993.500000 79.256000 232.100000
994.500000 80.256000 233.100000
995.600000 81.356000 234.200000
996.600000 82.356000 235.200000
997.600000 83.356000 236.200000
998.600000 84.356000 237.200000
999.600000 85.356000 238.200000
1000.600000 86.356000 239.200000
1001.600000 87.356000 240.200000
1002.600000 88.356000 241.200000
1003.600000 89.356000 242.200000
1004.600000 83.992000 243.200000
1005.600000 81.664000 244.200000
1006.600000 82.664000 245.200000
1007.600000 83.664000 246.200000
1008.600000 84.664000 247.200000
1009.600000 85.664000 248.200000
1010.600000 79.992000 249.200000
1011.600000 71.844000 250.200000
1012.600000 72.844000 251.200000
1013.600000 73.844000 252.200000
1014.600000 74.844000 253.200000
1015.600000 75.844000 254.200000
1016.600000 76.844000 255.200000
1017.600000 77.844000 256.200000
1018.600000 78.844000 257.200000
1019.600000 79.844000 258.200000
1020.600000 80.844000 259.200000
1021.600000 81.844000 260.200000
1022.600000 82.844000 261.200000
1023.600000 83.844000 262.200000
1024.600000 84.844000 263.200000
1025.600000 77.848000 264.200000
1026.600000 78.848000 265.200000
1027.600000 79.848000 266.200000
1028.600000 80.848000 267.200000
1029.600000 81.848000 268.200000
1030.600000 67.168000 170.100000
1031.700000 65.828000 171.200000
1032.700000 66.828000 172.200000
1033.700000 67.828000 173.200000
1034.700000 68.828000 174.200000
1035.700000 69.828000 175.200000
1036.700000 70.828000 176.200000
1037.700000 71.828000 177.200000
1038.700000 72.828000 178.200000
1039.700000 73.828000 179.200000
1040.700000 74.828000 180.200000
1041.700000 75.828000 181.200000
1042.700000 76.828000 182.200000
1043.700000 77.828000 183.200000
1044.700000 78.828000 184.200000
1045.700000 78.196000 185.200000
1046.700000 79.196000 186.200000
1047.700000 80.196000 187.200000
1048.700000 81.196000 188.200000
1049.700000 82.196000 189.200000
1050.700000 83.196000 190.200000
1051.700000 71.904000 191.200000
1052.700000 72.904000 192.200000
1053.700000 73.904000 193.200000
1054.700000 74.904000 194.200000
1055.700000 75.904000 195.200000
1056.700000 76.904000 196.200000
1057.700000 77.904000 197.200000
1058.700000 78.904000 198.200000
1059.700000 79.904000 199.200000
1060.800000 81.004000 200.300000
1061.800000 82.004000 201.300000
1062.800000 83.004000 202.300000
1063.800000 84.004000 203.300000
1064.800000 85.004000 204.300000
1065.800000 82.724000 205.300000
1066.800000 83.724000 206.300000
1067.800000 84.724000 207.300000
1068.800000 85.724000 208.300000
1069.800000 86.724000 209.300000
1070.800000 87.724000 210.300000
1071.800000 77.280000 211.300000
1072.800000 75.820000 212.300000
1073.800000 76.820000 213.300000
1074.800000 77.820000 214.300000
1075.800000 78.820000 215.300000
1076.800000 79.820000 216.300000
1077.800000 80.820000 217.300000
1078.800000 81.820000 218.300000
1079.800000 82.820000 219.300000
1080.800000 83.820000 220.300000
1081.800000 84.820000 221.300000
1082.800000 85.820000 222.300000
1083.800000 86.820000 223.300000
1084.800000 87.820000 224.300000
1085.800000 88.820000 225.300000
1086.800000 84.896000 226.300000
1087.800000 85.896000 227.300000
1088.800000 86.896000 228.300000
1089.800000 87.896000 229.300000
1090.800000 88.896000 230.300000
1091.800000 89.896000 231.300000
1092.800000 75.884000 189.100000
1093.800000 76.884000 190.100000
1094.900000 77.984000 191.200000
1095.900000 78.984000 192.200000
1096.900000 79.984000 193.200000
1097.900000 80.984000 194.200000
1098.900000 81.984000 195.200000
1099.900000 82.984000 196.200000
1100.900000 83.984000 197.200000
1101.900000 84.984000 198.200000
1102.900000 85.984000 199.200000
1103.900000 86.984000 200.200000
1104.900000 87.984000 201.200000
1105.900000 88.984000 202.200000
1106.900000 89.984000 203.200000
1107.900000 87.908000 204.200000
1108.900000 88.908000 205.200000
1109.900000 89.908000 206.200000
1110.900000 90.908000 207.200000
1111.900000 86.056000 208.200000
1112.900000 81.328000 209.200000
1113.900000 82.328000 210.200000
1114.900000 83.328000 211.200000
1115.900000 84.328000 212.200000
1116.900000 85.328000 213.200000
1117.900000 86.328000 214.200000
1118.900000 87.328000 215.200000
1119.900000 88.328000 216.200000
1120.900000 89.328000 217.200000
1121.900000 90.328000 218.200000
1122.900000 91.328000 219.200000
1123.900000 92.328000 220.200000
1125.000000 93.428000 221.300000
1126.000000 94.428000 222.300000
1127.000000 95.428000 223.300000
1128.000000 91.540000 224.300000
1129.000000 92.540000 225.300000
1130.000000 93.540000 226.300000
1131.000000 94.540000 227.300000
1132.000000 95.540000 228.300000
1133.000000 90.648000 229.300000
1134.000000 85.908000 230.300000
1135.000000 86.908000 231.300000
1136.000000 87.908000 232.300000
1137.000000 88.908000 233.300000
1138.000000 89.908000 234.300000
1139.000000 90.908000 235.300000
1140.000000 91.908000 236.300000
1141.000000 92.908000 237.300000
1142.000000 93.908000 238.300000
1143.000000 94.908000 239.300000
1144.000000 95.908000 240.300000
1145.000000 96.908000 241.300000
1146.000000 97.908000 242.300000
1147.000000 98.908000 243.300000
1148.000000 99.908000 244.300000
1149.000000 100.264000 245.300000
1150.000000 101.264000 246.300000
1151.000000 102.264000 247.300000
1152.000000 94.296000 248.300000
1153.000000 95.296000 249.300000
1154.000000 93.848000 250.300000
1155.000000 91.572000 251.300000
1156.000000 92.572000 252.300000
1157.000000 93.572000 253.300000
1158.100000 94.672000 254.400000
1159.100000 95.672000 255.400000
1160.100000 96.672000 256.400000
1161.100000 97.672000 257.400000
1162.100000 98.672000 258.400000
1163.100000 99.672000 259.400000
1164.100000 100.672000 260.400000
1165.100000 101.672000 261.400000
1166.100000 102.672000 262.400000
1167.100000 103.672000 263.400000
1168.100000 104.672000 264.400000
1169.100000 103.388000 265.400000
1170.100000 104.388000 266.400000
1171.100000 105.388000 267.400000
1172.100000 106.388000 268.400000
1173.100000 104.760000 269.400000
1174.100000 102.476000 270.400000
1175.100000 101.812000 271.400000
1176.100000 102.812000 272.400000
1177.100000 103.812000 273.400000
1178.100000 104.812000 274.400000
1179.100000 105.812000 275.400000
1180.100000 106.812000 276.400000
1181.100000 107.812000 277.400000
1182.100000 108.812000 278.400000
1183.100000 109.812000 279.400000
1184.100000 110.812000 280.400000
1185.100000 111.812000 281.400000
1186.100000 112.812000 282.400000
1187.100000 113.812000 283.400000
1188.100000 114.812000 284.400000
1189.100000 106.040000 285.400000
1190.100000 107.040000 286.400000
1191.100000 108.040000 287.400000
1192.100000 109.040000 288.400000
1193.100000 105.764000 289.400000
1194.200000 106.864000 290.500000
1195.200000 104.588000 291.500000
1196.200000 105.588000 292.500000
1197.200000 106.588000 293.500000
1198.200000 107.588000 294.500000
1199.200000 108.588000 295.500000
1200.200000 109.588000 296.500000
1201.200000 110.588000 297.500000
1202.200000 111.588000 298.500000
1203.200000 112.588000 299.500000
1204.200000 113.588000 300.500000
1205.200000 114.588000 301.500000
1206.200000 115.588000 302.500000
1207.200000 116.588000 303.500000
1208.200000 117.588000 304.500000
1209.200000 118.588000 305.500000
1210.200000 108.160000 306.500000
1211.200000 109.160000 307.500000
1212.200000 110.160000 308.500000
1213.200000 100.368000 309.500000
1214.200000 101.368000 310.500000
1215.200000 102.368000 311.500000
1216.200000 103.368000 312.500000
1217.200000 102.680000 313.500000
1218.200000 103.680000 314.500000
1219.200000 104.680000 315.500000
1220.200000 105.680000 316.500000
1221.200000 106.680000 317.500000
1222.200000 107.680000 318.500000
1223.200000 108.680000 319.500000
1224.200000 109.680000 320.500000
1225.200000 110.680000 321.500000
1226.200000 111.680000 322.500000
1227.200000 112.680000 323.500000
1228.200000 113.680000 324.500000
1229.200000 114.680000 325.500000
1230.200000 102.628000 281.900000
1231.300000 103.728000 283.000000
1232.300000 104.728000 284.000000
1233.300000 101.520000 285.000000
1234.300000 102.520000 286.000000
1235.300000 103.520000 287.000000
1236.300000 104.520000 288.000000
1237.300000 102.172000 289.000000
1238.300000 103.172000 290.000000
1239.300000 104.172000 291.000000
1240.300000 105.172000 292.000000
1241.300000 106.172000 293.000000
1242.300000 107.172000 294.000000
1243.300000 108.172000 295.000000
1244.300000 109.172000 296.000000
1245.300000 110.172000 297.000000
1246.300000 111.172000 298.000000
1247.300000 112.172000 299.000000
1248.300000 113.172000 300.000000
1249.300000 114.172000 301.000000
1250.300000 115.172000 302.000000
1251.300000 111.484000 303.000000
1252.300000 112.484000 304.000000
1253.300000 113.484000 305.000000
1254.300000 110.276000 306.000000
1255.300000 111.276000 307.000000
1256.300000 112.276000 308.000000
1257.300000 109.732000 309.000000
1258.400000 110.832000 310.100000
1259.400000 111.832000 311.100000
1260.400000 112.832000 312.100000
1261.400000 113.832000 313.100000
1262.400000 114.832000 314.100000
1263.400000 115.832000 315.100000
1264.400000 116.832000 316.100000
1265.400000 117.832000 317.100000
1266.400000 118.832000 318.100000
1267.400000 119.832000 319.100000
1268.400000 120.832000 320.100000
1269.400000 121.832000 321.100000
1270.400000 122.832000 322.100000
1271.400000 119.152000 323.100000
1272.400000 120.152000 324.100000
1273.400000 121.152000 325.100000
1274.400000 117.260000 326.100000
1275.400000 118.260000 327.100000
1276.400000 119.260000 328.100000
1277.400000 116.732000 329.100000
1278.400000 117.732000 330.100000
1279.400000 118.732000 331.100000
1280.400000 119.732000 332.100000
1281.400000 120.732000 333.100000
1282.400000 121.732000 334.100000
1283.400000 122.732000 335.100000
1284.400000 123.732000 336.100000
1285.400000 124.732000 337.100000
1286.400000 125.732000 338.100000
1287.400000 126.732000 339.100000
1288.400000 127.732000 340.100000
1289.400000 128.732000 341.100000
1290.400000 125.920000 342.100000
1291.400000 122.244000 343.100000
1292.500000 123.344000 344.200000
1293.500000 124.344000 345.200000
1294.500000 125.344000 346.200000
1295.500000 112.488000 346.300000
1296.500000 113.488000 347.300000
1297.500000 114.488000 348.300000
1298.500000 111.960000 349.300000
1299.500000 112.960000 350.300000
1300.500000 113.960000 351.300000
1301.500000 114.960000 352.300000
1302.500000 115.960000 353.300000
1303.500000 116.960000 354.300000
1304.500000 117.960000 355.300000
1305.500000 118.960000 356.300000
1306.500000 119.960000 357.300000
1307.500000 120.960000 358.300000
1308.500000 121.960000 359.300000
1309.500000 122.960000 360.300000
1310.500000 117.004000 361.300000
1311.500000 118.004000 362.300000
1312.500000 119.004000 363.300000
1313.500000 120.004000 364.300000
1314.500000 121.004000 365.300000
1315.500000 111.432000 366.300000
1316.500000 112.432000 367.300000
1317.500000 113.432000 368.300000
1318.500000 114.432000 369.300000
1319.500000 113.772000 370.300000
1320.500000 114.772000 371.300000
1321.600000 115.872000 372.400000
1322.600000 116.872000 373.400000
1323.600000 117.872000 374.400000
1324.600000 118.872000 375.400000
1325.600000 119.872000 376.400000
1326.600000 120.872000 377.400000
1327.600000 121.872000 378.400000
1328.600000 122.872000 379.400000
1329.600000 123.872000 380.400000
1330.600000 124.872000 381.400000
1331.600000 106.860000 306.900000
1332.600000 107.860000 307.900000
1333.600000 108.860000 308.900000
1334.600000 109.860000 309.900000
1335.600000 110.860000 310.900000
1336.600000 101.280000 311.900000
1337.600000 102.280000 312.900000
1338.600000 103.280000 313.900000
1339.600000 101.000000 314.900000
1340.600000 102.000000 315.900000
1341.600000 103.000000 316.900000
1342.600000 104.000000 317.900000
1343.600000 105.000000 318.900000
1344.600000 106.000000 319.900000
1345.600000 107.000000 320.900000
1346.600000 108.000000 321.900000
1347.600000 109.000000 322.900000
1348.600000 110.000000 323.900000
1349.600000 111.000000 324.900000
1350.600000 112.000000 325.900000
1351.600000 110.744000 326.900000
1352.600000 110.068000 327.900000
1353.600000 111.068000 328.900000
1354.600000 112.068000 329.900000
1355.600000 113.068000 330.900000
1356.700000 103.592000 332.000000
1357.700000 104.592000 333.000000
1358.700000 105.592000 334.000000
1359.700000 102.364000 335.000000
1360.700000 103.364000 336.000000
1361.700000 104.364000 337.000000
1362.700000 105.364000 338.000000
1363.700000 106.364000 339.000000
1364.700000 107.364000 340.000000
1365.700000 108.364000 341.000000
1366.700000 109.364000 342.000000
1367.700000 110.364000 343.000000
1368.700000 111.364000 344.000000
1369.700000 112.364000 345.000000
1370.700000 113.364000 346.000000
1371.700000 110.468000 347.000000
1372.700000 108.160000 348.000000
1373.700000 109.160000 349.000000
1374.700000 110.160000 350.000000
1375.700000 111.160000 351.000000
1376.700000 112.160000 352.000000
1377.700000 99.056000 332.600000
1378.700000 100.056000 333.600000
1379.700000 95.184000 334.600000
1380.700000 96.184000 335.600000
1381.700000 97.184000 336.600000
1382.700000 98.184000 337.600000
1383.700000 99.184000 338.600000
1384.800000 100.284000 339.700000
1385.800000 101.284000 340.700000
1386.800000 102.284000 341.700000
1387.800000 103.284000 342.700000
1388.800000 104.284000 343.700000
1389.800000 105.284000 344.700000
1390.800000 106.284000 345.700000
1391.800000 98.536000 346.700000
1392.800000 99.536000 347.700000
1393.800000 96.436000 348.700000
1394.800000 97.436000 349.700000
1395.800000 98.436000 350.700000
1396.800000 99.436000 351.700000
1397.800000 86.360000 332.200000
1398.800000 87.360000 333.200000
1399.800000 88.360000 334.200000
1400.800000 81.852000 335.200000
1401.800000 82.852000 336.200000
1402.800000 83.852000 337.200000
1403.800000 84.852000 338.200000
1404.800000 85.852000 339.200000
1405.800000 86.852000 340.200000
1406.800000 87.852000 341.200000
1407.800000 88.852000 342.200000
1408.800000 89.852000 343.200000
1409.800000 90.852000 344.200000
1410.800000 91.852000 345.200000
1411.800000 92.852000 346.200000
1412.800000 85.096000 347.200000
1413.800000 81.972000 348.200000
1414.800000 82.972000 349.200000
1415.900000 84.072000 350.300000
1416.900000 85.072000 351.300000
1417.900000 72.000000 305.600000
1418.900000 73.000000 306.600000
1419.900000 74.000000 307.600000
1420.900000 75.000000 308.600000
1421.900000 74.332000 309.600000
1422.900000 75.332000 310.600000
1423.900000 76.332000 311.600000
1424.900000 77.332000 312.600000
1425.900000 78.332000 313.600000
1426.900000 79.332000 314.600000
1427.900000 80.332000 315.600000
1428.900000 81.332000 316.600000
1429.900000 82.332000 317.600000
1430.900000 83.332000 318.600000
1431.900000 83.752000 319.600000
1432.900000 84.752000 320.600000
1433.900000 85.752000 321.600000
1434.900000 82.616000 322.600000
1435.900000 83.616000 323.600000
1436.900000 84.616000 324.600000
1437.900000 80.712000 325.600000
1438.900000 81.712000 326.600000
1439.900000 82.712000 327.600000
1440.900000 83.712000 328.600000
1441.900000 81.404000 329.600000
1442.900000 82.404000 330.600000
1443.900000 83.404000 331.600000
1445.000000 84.504000 332.700000
1446.000000 85.504000 333.700000
1447.000000 86.504000 334.700000
1448.000000 87.504000 335.700000
1449.000000 88.504000 336.700000
1450.000000 89.504000 337.700000
1451.000000 90.504000 338.700000
1452.000000 91.504000 339.700000
1453.000000 90.288000 340.700000
1454.000000 91.288000 341.700000
1455.000000 87.536000 342.700000
1456.000000 88.536000 343.700000
1457.000000 89.536000 344.700000
1458.000000 87.880000 345.700000
1459.000000 88.880000 346.700000
1460.000000 89.880000 347.700000
1461.000000 90.880000 348.700000
1462.000000 91.880000 349.700000
1463.000000 87.944000 350.700000
1464.000000 88.944000 351.700000
1465.000000 89.944000 352.700000
1466.000000 90.944000 353.700000
1467.000000 91.944000 354.700000
1468.000000 92.944000 355.700000
1469.000000 93.944000 356.700000
1470.000000 94.944000 357.700000
1471.000000 95.944000 358.700000
1472.000000 96.944000 359.700000
1473.000000 94.124000 360.700000
1474.000000 95.124000 361.700000
1475.000000 91.380000 362.700000
1476.000000 92.380000 363.700000
1477.000000 93.380000 364.700000
1478.000000 94.380000 365.700000
1479.000000 93.080000 366.700000
1480.100000 94.180000 367.800000
1481.100000 95.180000 368.800000
1482.100000 96.180000 369.800000
1483.100000 97.180000 370.800000
1484.100000 91.588000 371.800000
1485.100000 92.588000 372.800000
1486.100000 93.588000 373.800000
1487.100000 94.588000 374.800000
1488.100000 95.588000 375.800000
1489.100000 96.588000 376.800000
1490.100000 97.588000 377.800000
1491.100000 98.588000 378.800000
1492.100000 99.588000 379.800000
1493.100000 98.960000 380.800000
1494.100000 99.960000 381.800000
1495.100000 100.960000 382.800000
1496.100000 86.636000 245.400000
1497.100000 87.636000 246.400000
1498.100000 88.636000 247.400000
1499.100000 85.712000 248.400000
1500.100000 86.712000 249.400000
1501.100000 87.712000 250.400000
1502.100000 88.712000 251.400000
1503.100000 89.712000 252.400000
1504.100000 90.712000 253.400000
1505.100000 83.460000 254.400000
1506.100000 84.460000 255.400000
1507.100000 85.460000 256.400000
1508.100000 86.460000 257.400000
1509.100000 87.460000 258.400000
1510.100000 88.460000 259.400000
1511.100000 89.460000 260.400000
1512.100000 90.460000 261.400000
1513.100000 91.460000 262.400000
1514.100000 89.196000 263.400000
1515.100000 90.196000 264.400000
1516.100000 91.196000 265.400000
1517.100000 81.556000 246.000000
1518.200000 78.420000 247.100000
1519.200000 79.420000 248.100000
1520.200000 80.420000 249.100000
1521.200000 81.420000 250.100000
1522.200000 82.420000 251.100000
1523.200000 83.420000 252.100000
1524.200000 84.420000 253.100000
1525.200000 79.348000 254.100000
1526.200000 80.348000 255.100000
1527.200000 81.348000 256.100000
1528.200000 82.348000 257.100000
1529.200000 83.348000 258.100000
1530.200000 84.348000 259.100000
1531.200000 85.348000 260.100000
1532.200000 86.348000 261.100000
1533.200000 87.348000 262.100000
1534.200000 87.696000 263.100000
1535.200000 88.696000 264.100000
1536.200000 89.696000 265.100000
1537.200000 90.696000 266.100000
1538.200000 77.836000 207.200000
1539.200000 78.836000 208.200000
1540.200000 79.836000 209.200000
1541.200000 80.836000 210.200000
1542.200000 81.836000 211.200000
1543.200000 82.836000 212.200000
1544.200000 83.836000 213.200000
1545.200000 78.780000 214.200000
1546.200000 79.780000 215.200000
1547.200000 80.780000 216.200000
1548.200000 81.780000 217.200000
1549.200000 82.780000 218.200000
1550.200000 83.780000 219.200000
1551.200000 84.780000 220.200000
1552.200000 85.780000 221.200000
1553.200000 86.780000 222.200000
1554.200000 87.780000 223.200000
1555.200000 86.516000 224.200000
1556.200000 87.516000 225.200000
1557.200000 88.516000 226.200000
1558.200000 89.516000 227.200000
1559.200000 81.352000 228.200000
1560.200000 82.352000 229.200000
1561.200000 83.352000 230.200000
1562.300000 84.452000 231.300000
1563.300000 85.452000 232.300000
1564.300000 86.452000 233.300000
1565.300000 81.396000 234.300000
1566.300000 82.396000 235.300000
1567.300000 83.396000 236.300000
1568.300000 84.396000 237.300000
1569.300000 85.396000 238.300000
1570.300000 86.396000 239.300000
1571.300000 87.396000 240.300000
1572.300000 88.396000 241.300000
1573.300000 89.396000 242.300000
1574.300000 90.396000 243.300000
1575.300000 91.396000 244.300000
1576.300000 88.524000 245.300000
1577.300000 89.524000 246.300000
1578.300000 90.524000 247.300000
1579.300000 82.712000 248.300000
1580.300000 83.712000 249.300000
1581.300000 84.712000 250.300000
1582.300000 85.712000 251.300000
1583.300000 86.712000 252.300000
1584.300000 87.712000 253.300000
1585.300000 88.712000 254.300000
1586.300000 83.660000 255.300000
1587.300000 84.660000 256.300000
1588.300000 85.660000 257.300000
1589.400000 86.760000 258.400000
1590.400000 87.760000 259.400000
1591.400000 88.760000 260.400000
1592.400000 89.760000 261.400000
1593.400000 90.760000 262.400000
1594.400000 91.760000 263.400000
1595.400000 92.760000 264.400000
1596.400000 91.452000 265.400000
1597.400000 92.452000 266.400000
1598.400000 93.452000 267.400000
1599.400000 84.012000 268.400000
1600.400000 85.012000 269.400000
1601.400000 86.012000 270.400000
1602.400000 87.012000 271.400000
1603.400000 88.012000 272.400000
1604.400000 89.012000 273.400000
1605.400000 90.012000 274.400000
1606.400000 84.956000 275.400000
1607.400000 85.956000 276.400000
1608.400000 86.956000 277.400000
1609.400000 87.956000 278.400000
1610.400000 88.956000 279.400000
1611.400000 89.956000 280.400000
1612.400000 90.956000 281.400000
1613.400000 91.956000 282.400000
1614.400000 92.956000 283.400000
1615.400000 93.956000 284.400000
1616.400000 87.808000 285.400000
1617.400000 88.808000 286.400000
1618.400000 89.808000 287.400000
1619.400000 90.808000 288.400000
1620.400000 74.372000 269.300000
1621.400000 75.372000 270.300000
1622.400000 76.372000 271.300000
1623.400000 77.372000 272.300000
1624.400000 78.372000 273.300000
1625.500000 79.472000 274.400000
1626.500000 75.140000 275.400000
1627.500000 76.140000 276.400000
1628.500000 77.140000 277.400000
1629.500000 78.140000 278.400000
1630.500000 79.140000 279.400000
1631.500000 80.140000 280.400000
1632.500000 81.140000 281.400000
1633.500000 82.140000 282.400000
1634.500000 83.140000 283.400000
1635.500000 84.140000 284.400000
1636.500000 85.140000 285.400000
1637.500000 74.712000 285.300000
1638.500000 75.712000 286.300000
1639.500000 76.712000 287.300000
1640.500000 64.544000 156.900000
1641.500000 65.544000 157.900000
1642.500000 66.544000 158.900000
1643.500000 67.544000 159.900000
1644.500000 68.544000 160.900000
1645.500000 69.544000 161.900000
1646.500000 65.248000 162.900000
1647.500000 66.248000 163.900000
1648.500000 67.248000 164.900000
1649.500000 68.248000 165.900000
1650.500000 69.248000 166.900000
1651.500000 70.248000 167.900000
1652.500000 71.248000 168.900000
1653.600000 72.348000 170.000000
1654.600000 73.348000 171.000000
1655.600000 74.348000 172.000000
1656.600000 75.348000 173.000000
1657.600000 76.348000 174.000000
1658.600000 71.204000 175.000000
1659.600000 72.204000 176.000000
1660.600000 73.204000 177.000000
1661.600000 63.816000 137.100000
1662.600000 64.816000 138.100000
1663.600000 65.816000 139.100000
1664.600000 66.816000 140.100000
1665.600000 67.816000 141.100000
1666.600000 63.520000 142.100000
1667.600000 64.520000 143.100000
1668.600000 65.520000 144.100000
1669.600000 66.520000 145.100000
1670.600000 67.520000 146.100000
1671.600000 68.520000 147.100000
1672.600000 69.520000 148.100000
1673.600000 70.520000 149.100000
1674.600000 71.520000 150.100000
1675.600000 72.520000 151.100000
1676.600000 73.520000 152.100000
1677.600000 74.520000 153.100000
1678.600000 69.372000 141.300000
1679.600000 70.372000 142.300000
1680.600000 71.372000 143.300000
1681.600000 67.480000 144.300000
1682.600000 63.524000 145.300000
1683.600000 64.524000 146.300000
1684.600000 65.524000 147.300000
1685.600000 66.524000 148.300000
1686.600000 67.524000 149.300000
1687.600000 63.232000 150.300000
1688.700000 64.332000 151.400000
1689.700000 65.332000 152.400000
1690.700000 66.332000 153.400000
1691.700000 67.332000 154.400000
1692.700000 68.332000 155.400000
1693.700000 69.332000 156.400000
1694.700000 70.332000 157.400000
1695.700000 71.332000 158.400000
1696.700000 72.332000 159.400000
1697.700000 73.332000 160.400000
1698.700000 72.028000 161.400000
1699.700000 73.028000 162.400000
1700.700000 74.028000 163.400000
1701.700000 75.028000 164.400000
1702.700000 66.804000 157.900000
1703.700000 67.804000 158.900000
1704.700000 68.804000 159.900000
1705.700000 69.804000 160.900000
1706.700000 70.804000 161.900000
1707.700000 66.516000 162.900000
1708.700000 67.516000 163.900000
1709.700000 68.516000 164.900000
1710.700000 69.516000 165.900000
1711.700000 70.516000 166.900000
1712.700000 71.516000 167.900000
1713.700000 72.516000 168.900000
1714.800000 73.616000 170.000000
1715.800000 74.616000 171.000000
1716.800000 75.616000 172.000000
1717.800000 76.616000 173.000000
1718.800000 73.664000 174.000000
1719.800000 74.664000 175.000000
1720.800000 75.664000 176.000000
1721.800000 76.664000 177.000000
1722.800000 65.076000 157.800000
1723.800000 66.076000 158.800000
1724.800000 67.076000 159.800000
1725.800000 68.076000 160.800000
1726.800000 69.076000 161.800000
1727.800000 70.076000 162.800000
1728.800000 65.088000 163.800000
1729.800000 66.088000 164.800000
1730.800000 67.088000 165.800000
1731.800000 68.088000 166.800000
1732.800000 69.088000 167.800000
1733.800000 70.088000 168.800000
1734.800000 71.088000 169.800000
1735.800000 72.088000 170.800000
1736.800000 73.088000 171.800000
1737.800000 74.088000 172.800000
1738.800000 69.536000 173.800000
1739.800000 70.536000 174.800000
1740.800000 71.536000 175.800000
1741.800000 72.536000 176.800000
1742.800000 73.536000 177.800000
1743.800000 64.816000 147.900000
1744.800000 65.816000 148.900000
1745.800000 66.816000 149.900000
1746.800000 67.816000 150.900000
1747.800000 68.816000 151.900000
1748.800000 67.128000 152.900000
1749.800000 68.128000 153.900000
1750.800000 69.128000 154.900000
1751.900000 70.228000 156.000000
1752.900000 71.228000 157.000000
1753.900000 72.228000 158.000000
1754.900000 73.228000 159.000000
1755.900000 74.228000 160.000000
1756.900000 75.228000 161.000000
1757.900000 72.348000 162.000000
1758.900000 73.348000 163.000000
1759.900000 74.348000 164.000000
1760.900000 75.348000 165.000000
1761.900000 76.348000 166.000000
1762.900000 73.152000 167.000000
1763.900000 70.904000 168.000000
1764.900000 71.904000 169.000000
1765.900000 72.904000 170.000000
1766.900000 73.904000 171.000000
1767.900000 74.904000 172.000000
1768.900000 75.904000 173.000000
1769.900000 69.980000 163.900000
1770.900000 70.980000 164.900000
1771.900000 71.980000 165.900000
1772.900000 72.980000 166.900000
1773.900000 73.980000 167.900000
1774.900000 74.980000 168.900000
1775.900000 75.980000 169.900000
1776.900000 76.980000 170.900000
1777.900000 77.980000 171.900000
1778.900000 75.768000 172.900000
1780.000000 76.868000 174.000000
1781.000000 77.868000 175.000000
1782.000000 78.868000 176.000000
1783.000000 76.628000 177.000000
1784.000000 72.720000 178.000000
1785.000000 73.720000 179.000000
1786.000000 74.720000 180.000000
1787.000000 75.720000 181.000000
1788.000000 76.720000 182.000000
1789.000000 77.720000 183.000000
1790.000000 78.720000 184.000000
1791.000000 72.772000 185.000000
1792.000000 73.772000 186.000000
1793.000000 74.772000 187.000000
1794.000000 75.772000 188.000000
1795.000000 76.772000 189.000000
1796.000000 77.772000 190.000000
1797.000000 78.772000 191.000000
1798.000000 76.596000 192.000000
1799.000000 77.596000 193.000000
1800.000000 78.596000 194.000000
1801.000000 79.596000 195.000000
1802.000000 80.596000 196.000000
1803.000000 81.596000 197.000000
1804.000000 80.408000 198.000000
1805.000000 74.848000 199.000000
1806.000000 75.848000 200.000000
1807.000000 76.848000 201.000000
1808.000000 77.848000 202.000000
1809.000000 78.848000 203.000000
1810.000000 79.848000 204.000000
1811.000000 72.664000 191.100000
1812.000000 73.664000 192.100000
1813.000000 74.664000 193.100000
1814.000000 75.664000 194.100000
1815.000000 76.664000 195.100000
1816.000000 77.664000 196.100000
1817.100000 78.764000 197.200000
1818.100000 76.584000 198.200000
1819.100000 77.584000 199.200000
1820.100000 78.584000 200.200000
1821.100000 79.584000 201.200000
1822.100000 80.584000 202.200000
1823.100000 81.584000 203.200000
1824.100000 78.768000 204.200000
1825.100000 71.564000 198.700000
1826.100000 72.564000 199.700000
1827.100000 73.564000 200.700000
1828.100000 74.564000 201.700000
1829.100000 75.564000 202.700000
1830.100000 76.564000 203.700000
1831.100000 73.224000 204.700000
1832.100000 74.224000 205.700000
1833.100000 75.224000 206.700000
1834.100000 76.224000 207.700000
1835.100000 77.224000 208.700000
1836.100000 78.224000 209.700000
1837.100000 79.224000 210.700000
1838.100000 77.044000 211.700000
1839.100000 78.044000 212.700000
1840.100000 79.044000 213.700000
1841.100000 80.044000 214.700000
1842.100000 81.044000 215.700000
1843.100000 82.044000 216.700000
1844.200000 77.692000 217.800000
1845.200000 69.980000 199.300000
1846.200000 70.980000 200.300000
1847.200000 71.980000 201.300000
1848.200000 72.980000 202.300000
1849.200000 73.980000 203.300000
1850.200000 74.980000 204.300000
1851.200000 75.980000 205.300000
1852.200000 72.616000 206.300000
1853.200000 73.616000 207.300000
1854.200000 74.616000 208.300000
1855.200000 75.616000 209.300000
1856.200000 76.616000 210.300000
1857.200000 77.616000 211.300000
1858.200000 74.808000 212.300000
1859.200000 75.808000 213.300000
1860.200000 76.808000 214.300000
1861.200000 77.808000 215.300000
1862.200000 78.808000 216.300000
1863.200000 79.808000 217.300000
1864.200000 80.808000 218.300000
1865.200000 65.972000 198.700000
1866.200000 66.972000 199.700000
1867.200000 67.972000 200.700000
1868.200000 68.972000 201.700000
1869.200000 69.972000 202.700000
1870.200000 70.972000 203.700000
1871.200000 71.972000 204.700000
1872.200000 72.972000 205.700000
1873.200000 67.968000 206.700000
1874.200000 68.968000 207.700000
1875.200000 69.968000 208.700000
1876.200000 70.968000 209.700000
1877.200000 71.968000 210.700000
1878.200000 72.968000 211.700000
1879.200000 70.144000 212.700000
1880.200000 71.144000 213.700000
1881.200000 72.144000 214.700000
1882.200000 73.144000 215.700000
1883.200000 74.144000 216.700000
1884.200000 75.144000 217.700000
1885.300000 63.740000 182.600000
1886.300000 64.740000 183.600000
1887.300000 65.740000 184.600000
1888.300000 66.740000 185.600000
1889.300000 67.740000 186.600000
1890.300000 68.740000 187.600000
1891.300000 69.740000 188.600000
1892.300000 70.740000 189.600000
1893.300000 65.776000 190.600000
1894.300000 66.776000 191.600000
1895.300000 67.776000 192.600000
1896.300000 68.776000 193.600000
1897.300000 69.776000 194.600000
1898.300000 70.776000 195.600000
1899.300000 69.056000 196.600000
1900.300000 70.056000 197.600000
1901.300000 71.056000 198.600000
1902.300000 72.056000 199.600000
1903.300000 73.056000 200.600000
1904.300000 74.056000 201.600000
1905.300000 65.848000 202.600000
1906.300000 66.848000 203.600000
1907.300000 67.848000 204.600000
1908.300000 68.848000 205.600000
1909.300000 69.848000 206.600000
1910.300000 70.848000 207.600000
1911.300000 71.848000 208.600000
1912.400000 72.948000 209.700000
1913.400000 73.948000 210.700000
1914.400000 69.520000 211.700000
1915.400000 70.520000 212.700000
1916.400000 71.520000 213.700000
1917.400000 72.520000 214.700000
1918.400000 73.520000 215.700000
1919.400000 74.520000 216.700000
1920.400000 70.096000 217.700000
1921.400000 71.096000 218.700000
1922.400000 72.096000 219.700000
1923.400000 73.096000 220.700000
1924.400000 74.096000 221.700000
1925.400000 70.228000 222.700000
1926.400000 66.380000 223.700000
1927.400000 67.380000 224.700000
1928.400000 68.380000 225.700000
1929.400000 69.380000 226.700000
1930.400000 70.380000 227.700000
