[InitialPoses]
grid_1: [1.425, 24.375]
grid_2: [1.425, 24.375, 12.825, 18.675]
grid_4: [1.425, 24.375, 12.825, 7.275, 18.525, 24.375, 12.825, 18.675 ]
grid_6: [18.525, 24.375, 12.825, 12.975, 1.425, 7.275, 7.125, 18.675, 1.425, 24.375, 7.125, 7.275]
grid_8: [1.425, 7.275, 7.125, 7.275, 24.225, 7.275, 7.125, 18.675, 1.425, 23.375, 12.825, 1.575, 2.425, 24.375, 12.825, 12.975]
grid_12: [12.825, 24.375, 7.125, 7.275, 1.425, 18.675, 7.125, 18.675, 1.425, 24.375, 12.825, 1.575, 24.225, 24.375, 12.825, 12.975, 18.525, 7.275, 24.225, 1.575, 1.425, 1.575, 18.525, 18.675]
cumberland_1: [2.325, 21.675]
cumberland_2: [22.8, 21.975, 2.325, 21.675]
cumberland_4: [49.875, 11.325, 2.325, 21.675, 22.8, 21.975, 26.25, 18.525]
cumberland_6: [38.625, 16.5, 26.25, 18.525, 47.4, 25.8, 2.325, 21.675, 21.525, 25.05, 23.1, 12.0]
cumberland_8: [47.4, 25.8, 2.325, 21.675, 22.8, 21.975, 37.05, 10.875, 35.175, 22.575, 10.725, 12.0, 41.775, 30.375, 16.575, 12.375]
cumberland_12: [35.175, 22.575, 16.575, 14.5, 22.125, 27.525, 27.975, 12.075, 46.8, 21.9, 6.15, 21.0, 21.525, 25.05, 18.5, 12.375, 40.65, 3.225, 6.15, 12.0, 41.775, 30.375, 35.025, 15.975]

